Date,Open,High,Low,Close,Adj Close,Volume
2019-10-04,84.5199966430664,85.66000366210938,84.30999755859375,85.5999984741211,85.5999984741211,860600
2019-10-07,85.43000030517578,87.06999969482422,85.37000274658203,86.30999755859375,86.30999755859375,1098500
2019-10-08,85.37000274658203,85.97000122070312,85.08999633789062,85.0999984741211,85.0999984741211,923000
2019-10-09,85.95999908447266,87.05000305175781,85.4800033569336,86.5999984741211,86.5999984741211,900200
2019-10-10,86.4000015258789,88.02999877929688,86.36000061035156,87.41000366210938,87.41000366210938,947100
2019-10-11,88.52999877929688,91.05999755859375,88.52999877929688,90.52999877929688,90.52999877929688,1754500
2019-10-14,90.0,90.44000244140625,89.43000030517578,90.02999877929688,90.02999877929688,676800
2019-10-15,90.75,93.05000305175781,90.75,92.41999816894531,92.41999816894531,1486500
2019-10-16,92.41999816894531,92.58000183105469,91.33000183105469,92.44000244140625,92.44000244140625,936500
2019-10-17,92.87000274658203,93.36000061035156,92.11000061035156,92.7300033569336,92.7300033569336,779200
2019-10-18,93.0999984741211,94.69999694824219,92.80999755859375,94.27999877929688,94.27999877929688,1680900
2019-10-21,95.0,96.36000061035156,94.73999786376953,96.0199966430664,96.0199966430664,1253400
2019-10-22,95.0199966430664,95.62000274658203,93.12999725341797,94.18000030517578,94.18000030517578,1658000
2019-10-23,93.56999969482422,94.87999725341797,93.37000274658203,94.62999725341797,94.62999725341797,790600
2019-10-24,95.38999938964844,96.27999877929688,94.48999786376953,95.12000274658203,95.12000274658203,892100
2019-10-25,94.9000015258789,95.70999908447266,94.54000091552734,94.7699966430664,94.7699966430664,859900
2019-10-28,94.91000366210938,95.66999816894531,94.58999633789062,94.9800033569336,94.9800033569336,951000
2019-10-29,95.16999816894531,96.0,94.7699966430664,95.3499984741211,95.3499984741211,707900
2019-10-30,94.94000244140625,95.73999786376953,94.66999816894531,94.7699966430664,94.7699966430664,813900
2019-10-31,94.69000244140625,94.87999725341797,92.58000183105469,93.16999816894531,93.16999816894531,983400
2019-11-01,93.79000091552734,94.95999908447266,93.1500015258789,94.86000061035156,94.86000061035156,839700
2019-11-04,95.58000183105469,96.05999755859375,95.16999816894531,95.41999816894531,95.41999816894531,758500
2019-11-05,95.41999816894531,96.19999694824219,95.20999908447266,95.48999786376953,95.48999786376953,849800
2019-11-06,95.4000015258789,95.4000015258789,93.55999755859375,94.2699966430664,94.2699966430664,761700
2019-11-07,94.54000091552734,95.44000244140625,93.91999816894531,94.08999633789062,94.08999633789062,772000
2019-11-08,94.22000122070312,94.5999984741211,93.45999908447266,93.87999725341797,93.87999725341797,780300
2019-11-11,93.37000274658203,94.62999725341797,93.37000274658203,94.16000366210938,94.16000366210938,648400
2019-11-12,93.80000305175781,96.47000122070312,93.80000305175781,95.26000213623047,95.26000213623047,1055100
2019-11-13,94.5,96.0,94.19000244140625,95.87999725341797,95.87999725341797,670500
2019-11-14,95.88999938964844,97.2699966430664,95.69000244140625,96.83999633789062,96.83999633789062,834900
2019-11-15,97.29000091552734,98.23999786376953,96.48999786376953,98.0,98.0,1172800
2019-11-18,98.30999755859375,99.88999938964844,97.7300033569336,99.7300033569336,99.7300033569336,1042600
2019-11-19,99.94000244140625,100.48999786376953,98.91999816894531,100.1500015258789,100.1500015258789,1164100
2019-11-20,99.91000366210938,99.91000366210938,98.27999877929688,99.56999969482422,99.56999969482422,686000
2019-11-21,99.6500015258789,99.6500015258789,97.94999694824219,98.18000030517578,98.18000030517578,594800
2019-11-22,98.44999694824219,98.69999694824219,96.62000274658203,97.58000183105469,97.58000183105469,742700
2019-11-25,97.98999786376953,98.58999633789062,97.37000274658203,97.83000183105469,97.83000183105469,765300
2019-11-26,97.66000366210938,98.69000244140625,97.0,98.63999938964844,98.63999938964844,1080100
2019-11-27,98.80999755859375,98.97000122070312,98.01000213623047,98.30999755859375,98.30999755859375,636900
2019-11-29,98.04000091552734,98.2699966430664,97.01000213623047,97.26000213623047,97.26000213623047,397600
2019-12-02,97.33999633789062,97.56999969482422,96.4000015258789,96.69000244140625,96.69000244140625,951200
2019-12-03,95.16000366210938,96.30999755859375,94.01000213623047,95.98999786376953,95.98999786376953,1535800
2019-12-04,96.80999755859375,98.05000305175781,96.38999938964844,96.41000366210938,96.41000366210938,938400
2019-12-05,96.62000274658203,97.1500015258789,95.86000061035156,96.08000183105469,96.08000183105469,1336400
2019-12-06,96.97000122070312,98.1500015258789,96.68000030517578,97.37000274658203,97.37000274658203,1310800
2019-12-09,97.08999633789062,97.19000244140625,96.4800033569336,96.69000244140625,96.69000244140625,911200
2019-12-10,96.75,97.30000305175781,96.37999725341797,96.94000244140625,96.94000244140625,991000
2019-12-11,96.98999786376953,99.11000061035156,96.55999755859375,99.02999877929688,99.02999877929688,810600
2019-12-12,98.69999694824219,99.75,98.06999969482422,99.05000305175781,99.05000305175781,840100
2019-12-13,99.0,99.41000366210938,97.77999877929688,97.87999725341797,97.87999725341797,1024300
2019-12-16,99.19999694824219,99.41999816894531,97.97000122070312,98.0,98.0,1616500
2019-12-17,98.2699966430664,99.1500015258789,98.06999969482422,98.9000015258789,98.9000015258789,945600
2019-12-18,99.44999694824219,99.79000091552734,98.27999877929688,98.63999938964844,98.63999938964844,1544600
2019-12-19,98.41999816894531,98.87999725341797,97.26000213623047,98.79000091552734,98.79000091552734,1984700
2019-12-20,94.4000015258789,95.0999984741211,92.5999984741211,92.70999908447266,92.70999908447266,6536100
2019-12-23,92.0999984741211,92.5,89.04000091552734,89.18000030517578,89.18000030517578,3562000
2019-12-24,89.04000091552734,89.33999633789062,88.56999969482422,88.86000061035156,88.86000061035156,959900
2019-12-26,88.94000244140625,89.37000274658203,87.91000366210938,89.02999877929688,89.02999877929688,1706800
2019-12-27,89.27999877929688,89.68000030517578,87.7300033569336,88.4000015258789,88.4000015258789,1377100
2019-12-30,88.3499984741211,88.37000274658203,86.95999908447266,87.43000030517578,87.43000030517578,1421400
2019-12-31,87.22000122070312,88.05000305175781,87.12999725341797,87.66999816894531,87.66999816894531,1256900
2020-01-02,87.97000122070312,89.51000213623047,87.80999755859375,89.51000213623047,89.51000213623047,2038800
2020-01-03,88.38999938964844,88.7300033569336,86.69999694824219,87.26000213623047,87.26000213623047,1475400
2020-01-06,86.48999786376953,87.58000183105469,86.18000030517578,87.05000305175781,87.05000305175781,1345200
2020-01-07,87.23999786376953,87.8499984741211,86.97000122070312,87.2300033569336,87.2300033569336,1187700
2020-01-08,87.22000122070312,87.81999969482422,86.94999694824219,87.08000183105469,87.08000183105469,1651100
2020-01-09,87.61000061035156,88.08000183105469,87.25,87.5999984741211,87.5999984741211,1153500
2020-01-10,87.9000015258789,89.80999755859375,87.9000015258789,89.08999633789062,89.08999633789062,2066100
2020-01-13,89.0199966430664,91.11000061035156,88.55999755859375,91.02999877929688,91.02999877929688,1340800
2020-01-14,90.87999725341797,93.13999938964844,90.81999969482422,91.94000244140625,91.94000244140625,1543600
2020-01-15,91.58999633789062,93.83000183105469,91.23999786376953,92.87999725341797,92.87999725341797,1343900
2020-01-16,93.26000213623047,94.87999725341797,93.0,94.69999694824219,94.69999694824219,1202500
2020-01-17,95.0,96.01000213623047,94.83000183105469,95.68000030517578,95.68000030517578,1703400
2020-01-21,95.37999725341797,96.12999725341797,94.7699966430664,95.9000015258789,95.9000015258789,1549000
2020-01-22,96.43000030517578,97.86000061035156,96.19000244140625,97.3499984741211,97.3499984741211,1162700
2020-01-23,96.97000122070312,98.19000244140625,96.44999694824219,98.11000061035156,98.11000061035156,746200
2020-01-24,98.31999969482422,98.31999969482422,95.88999938964844,96.7300033569336,96.7300033569336,1096200
2020-01-27,95.44000244140625,96.70999908447266,95.12000274658203,95.9800033569336,95.9800033569336,1015000
2020-01-28,96.37000274658203,99.0,96.01000213623047,98.56999969482422,98.56999969482422,1104600
2020-01-29,99.0,99.72000122070312,98.44999694824219,98.5,98.5,898100
2020-01-30,97.68000030517578,99.37999725341797,97.2300033569336,99.36000061035156,99.36000061035156,911200
2020-01-31,99.04000091552734,99.33000183105469,97.0199966430664,97.04000091552734,97.04000091552734,1231500
2020-02-03,96.5,97.54000091552734,94.97000122070312,95.05999755859375,95.05999755859375,1816700
2020-02-04,96.48999786376953,97.19000244140625,95.61000061035156,96.75,96.75,1208800
2020-02-05,97.97000122070312,98.44999694824219,97.13999938964844,97.97000122070312,97.97000122070312,772000
2020-02-06,98.16999816894531,98.41999816894531,96.97000122070312,96.97000122070312,96.97000122070312,955200
2020-02-07,96.8499984741211,97.80999755859375,96.20999908447266,96.30000305175781,96.30000305175781,1026100
2020-02-10,95.97000122070312,97.76000213623047,95.93000030517578,97.6500015258789,97.6500015258789,845600
2020-02-11,98.25,99.62999725341797,98.05000305175781,98.83999633789062,98.83999633789062,945100
2020-02-12,99.19000244140625,99.5199966430664,98.18000030517578,98.2300033569336,98.2300033569336,654400
2020-02-13,97.47000122070312,99.58999633789062,97.33000183105469,98.88999938964844,98.88999938964844,749900
2020-02-14,98.58000183105469,99.06999969482422,97.97000122070312,98.80999755859375,98.80999755859375,729900
2020-02-18,98.95999908447266,99.36000061035156,98.05000305175781,98.2699966430664,98.2699966430664,767900
2020-02-19,98.54000091552734,100.4000015258789,98.3499984741211,100.12999725341797,100.12999725341797,907300
2020-02-20,100.73999786376953,103.18000030517578,100.55000305175781,101.9000015258789,101.9000015258789,1081600
2020-02-21,101.43000030517578,101.66000366210938,100.38999938964844,101.20999908447266,101.20999908447266,864400
2020-02-24,98.31999969482422,99.41999816894531,97.26000213623047,97.44999694824219,97.44999694824219,948500
2020-02-25,97.77999877929688,98.08000183105469,93.01000213623047,93.29000091552734,93.29000091552734,1049900
2020-02-26,93.97000122070312,94.91999816894531,91.29000091552734,91.30000305175781,91.30000305175781,988900
2020-02-27,89.87999725341797,91.87000274658203,87.62999725341797,88.19000244140625,88.19000244140625,1507500
2020-02-28,85.7699966430664,87.30999755859375,84.01000213623047,87.30999755859375,87.30999755859375,2582300
2020-03-02,87.30000305175781,89.83999633789062,85.22000122070312,89.73999786376953,89.73999786376953,1827600
2020-03-03,89.44999694824219,91.13999938964844,84.94999694824219,86.16000366210938,86.16000366210938,1875500
2020-03-04,87.22000122070312,90.7699966430664,86.9000015258789,90.69999694824219,90.69999694824219,1238200
2020-03-05,88.02999877929688,88.08000183105469,85.0,85.93000030517578,85.93000030517578,1439200
2020-03-06,83.68000030517578,85.38999938964844,82.13999938964844,85.0,85.0,1680200
2020-03-09,80.0999984741211,80.5,75.19999694824219,75.20999908447266,75.20999908447266,2988800
2020-03-10,78.13999938964844,80.36000061035156,75.9000015258789,79.79000091552734,79.79000091552734,2251500
2020-03-11,76.91999816894531,78.12999725341797,75.05999755859375,76.20999908447266,76.20999908447266,2056200
2020-03-12,71.2300033569336,74.5999984741211,67.31999969482422,67.87000274658203,67.87000274658203,2535300
2020-03-13,72.44000244140625,72.55000305175781,65.12000274658203,69.19000244140625,69.19000244140625,2560700
2020-03-16,63.130001068115234,63.130001068115234,51.27000045776367,54.95000076293945,54.95000076293945,4720700
2020-03-17,55.400001525878906,57.599998474121094,49.41999816894531,53.7599983215332,53.7599983215332,3979300
2020-03-18,50.209999084472656,50.400001525878906,37.59000015258789,48.220001220703125,48.220001220703125,4240200
2020-03-19,47.2599983215332,49.63999938964844,41.5099983215332,48.130001068115234,48.130001068115234,3107400
2020-03-20,49.060001373291016,52.369998931884766,44.02000045776367,44.27000045776367,44.27000045776367,4444800
2020-03-23,44.099998474121094,48.22999954223633,43.13999938964844,47.70000076293945,47.70000076293945,2855500
2020-03-24,51.310001373291016,56.810001373291016,51.11000061035156,56.31999969482422,56.31999969482422,2259900
2020-03-25,58.119998931884766,68.23999786376953,54.2400016784668,63.880001068115234,63.880001068115234,3037000
2020-03-26,64.9000015258789,67.44999694824219,60.459999084472656,60.91999816894531,60.91999816894531,2736600
2020-03-27,57.7599983215332,59.27000045776367,53.439998626708984,58.93000030517578,58.93000030517578,2470300
2020-03-30,57.459999084472656,58.900001525878906,54.209999084472656,55.75,55.75,1984800
2020-03-31,55.0,55.7400016784668,53.220001220703125,53.83000183105469,53.83000183105469,2423900
2020-04-01,49.40999984741211,53.709999084472656,48.099998474121094,52.36000061035156,52.36000061035156,3424700
2020-04-02,49.0099983215332,52.83000183105469,48.2599983215332,50.20000076293945,50.20000076293945,4688300
2020-04-03,48.75,49.88999938964844,47.060001373291016,48.599998474121094,48.599998474121094,3316600
2020-04-06,52.36000061035156,55.56999969482422,50.279998779296875,54.45000076293945,54.45000076293945,2540500
2020-04-07,58.380001068115234,60.97999954223633,56.04999923706055,58.0099983215332,58.0099983215332,2786800
2020-04-08,59.0,64.12999725341797,57.70000076293945,63.220001220703125,63.220001220703125,2085500
2020-04-09,64.97000122070312,70.2699966430664,64.5,66.5,66.5,2834000
2020-04-13,66.11000061035156,66.47000122070312,61.779998779296875,62.599998474121094,62.599998474121094,1916100
2020-04-14,63.849998474121094,66.18000030517578,63.849998474121094,64.38999938964844,64.38999938964844,2067200
2020-04-15,62.380001068115234,63.880001068115234,60.810001373291016,61.58000183105469,61.58000183105469,1439200
2020-04-16,61.689998626708984,61.97999954223633,58.93000030517578,59.06999969482422,59.06999969482422,2340300
2020-04-17,61.88999938964844,65.8499984741211,61.88999938964844,65.22000122070312,65.22000122070312,4414700
2020-04-20,63.810001373291016,65.43000030517578,63.11000061035156,64.55999755859375,64.55999755859375,3915100
2020-04-21,61.349998474121094,64.01000213623047,61.22999954223633,63.58000183105469,63.58000183105469,3827900
2020-04-22,64.79000091552734,65.55000305175781,64.4000015258789,64.91000366210938,64.91000366210938,2430400
2020-04-23,65.02999877929688,66.83000183105469,64.83999633789062,65.98999786376953,65.98999786376953,2125900
2020-04-24,66.88999938964844,71.62000274658203,66.88999938964844,70.95999908447266,70.95999908447266,3321400
2020-04-27,71.86000061035156,75.80000305175781,71.83000183105469,74.97000122070312,74.97000122070312,2782100
2020-04-28,76.69000244140625,79.4800033569336,73.69000244140625,74.0999984741211,74.0999984741211,2527400
2020-04-29,76.19000244140625,80.26000213623047,75.26000213623047,78.98999786376953,78.98999786376953,1880800
2020-04-30,77.68000030517578,77.72000122070312,73.3499984741211,73.6500015258789,73.6500015258789,1969500
2020-05-01,70.9800033569336,71.9800033569336,70.16999816894531,71.06999969482422,71.06999969482422,2088200
2020-05-04,69.98999786376953,71.72000122070312,69.41000366210938,71.68000030517578,71.68000030517578,1932800
2020-05-05,73.04000091552734,74.4800033569336,72.76000213623047,72.97000122070312,72.97000122070312,1551000
2020-05-06,73.97000122070312,74.25,72.38999938964844,72.97000122070312,72.97000122070312,1445800
2020-05-07,73.73999786376953,74.94999694824219,72.36000061035156,72.87000274658203,72.87000274658203,1477400
2020-05-08,75.01000213623047,76.94000244140625,73.81999969482422,76.69000244140625,76.69000244140625,1577100
2020-05-11,76.19999694824219,76.86000061035156,74.33999633789062,75.95999908447266,75.95999908447266,1010800
2020-05-12,77.51000213623047,78.68000030517578,74.7300033569336,74.77999877929688,74.77999877929688,1725800
2020-05-13,74.41000366210938,74.98999786376953,72.44000244140625,73.94999694824219,73.94999694824219,1661300
2020-05-14,71.2300033569336,75.25,70.72000122070312,75.16999816894531,75.16999816894531,1371800
2020-05-15,74.12000274658203,75.97000122070312,72.97000122070312,75.80000305175781,75.80000305175781,1492100
2020-05-18,80.0199966430664,83.76000213623047,79.58000183105469,79.75,79.75,2049900
2020-05-19,79.66000366210938,81.19000244140625,78.41999816894531,78.94999694824219,78.94999694824219,1060100
2020-05-20,79.79000091552734,80.56999969482422,77.91999816894531,78.3499984741211,78.3499984741211,1251300
2020-05-21,78.55999755859375,80.52999877929688,77.79000091552734,80.41999816894531,80.41999816894531,969400
2020-05-22,80.68000030517578,81.79000091552734,79.76000213623047,81.55000305175781,81.55000305175781,1429400
2020-05-26,84.80000305175781,86.37000274658203,83.66999816894531,85.22000122070312,85.22000122070312,1776700
2020-05-27,87.81999969482422,89.80000305175781,86.05999755859375,89.20999908447266,89.20999908447266,2217300
2020-05-28,90.05999755859375,90.73999786376953,88.0,88.68000030517578,88.68000030517578,2034900
2020-05-29,87.51000213623047,89.69000244140625,85.93000030517578,88.05000305175781,88.05000305175781,1927800
2020-06-01,89.5999984741211,91.44999694824219,89.36000061035156,90.08999633789062,90.08999633789062,1735000
2020-06-02,91.16000366210938,92.0999984741211,89.87000274658203,92.02999877929688,92.02999877929688,1339600
2020-06-03,92.54000091552734,94.87000274658203,92.33000183105469,94.80000305175781,94.80000305175781,1252600
2020-06-04,93.69999694824219,94.91000366210938,92.48999786376953,93.12999725341797,93.12999725341797,1389800
2020-06-05,96.38999938964844,97.77999877929688,94.23999786376953,95.93000030517578,95.93000030517578,2024600
2020-06-08,97.05000305175781,98.44999694824219,96.88999938964844,98.3499984741211,98.3499984741211,1526800
2020-06-09,96.62999725341797,96.6500015258789,93.94999694824219,94.91999816894531,94.91999816894531,1763300
2020-06-10,94.7300033569336,94.7300033569336,90.83000183105469,91.98999786376953,91.98999786376953,1923700
2020-06-11,88.66999816894531,89.66000366210938,85.62999725341797,87.29000091552734,87.29000091552734,2155200
2020-06-12,91.0,92.0,87.63999938964844,89.9800033569336,89.9800033569336,1412900
2020-06-15,86.62000274658203,93.68000030517578,86.30000305175781,92.83000183105469,92.83000183105469,1648300
2020-06-16,96.5999984741211,97.76000213623047,94.05000305175781,96.36000061035156,96.36000061035156,1534100
2020-06-17,96.4800033569336,97.9800033569336,95.27999877929688,96.98999786376953,96.98999786376953,1348300
2020-06-18,96.01000213623047,98.69000244140625,95.95999908447266,97.91000366210938,97.91000366210938,1931900
2020-06-19,98.44999694824219,98.95999908447266,89.68000030517578,91.87000274658203,91.87000274658203,6567900
2020-06-22,92.5,94.79000091552734,91.70999908447266,93.95999908447266,93.95999908447266,2147700
2020-06-23,95.0,95.38999938964844,91.04000091552734,92.20999908447266,92.20999908447266,2191600
2020-06-24,91.0,92.62000274658203,88.51000213623047,89.44999694824219,89.44999694824219,1733800
2020-06-25,89.20999908447266,89.95999908447266,88.30999755859375,89.58999633789062,89.58999633789062,1683100
2020-06-26,89.37000274658203,89.8499984741211,86.12000274658203,86.58000183105469,86.58000183105469,2826600
2020-06-29,87.80000305175781,89.06999969482422,85.41999816894531,88.9800033569336,88.9800033569336,932000
2020-06-30,88.66000366210938,90.47000122070312,88.08000183105469,89.55000305175781,89.55000305175781,987300
2020-07-01,89.27999877929688,90.94000244140625,88.33999633789062,89.0199966430664,89.0199966430664,935000
2020-07-02,91.1500015258789,92.37999725341797,88.52999877929688,89.22000122070312,89.22000122070312,1255200
2020-07-06,90.58000183105469,91.69000244140625,89.56999969482422,90.37999725341797,90.37999725341797,1248700
2020-07-07,89.87000274658203,90.52999877929688,87.94000244140625,88.58999633789062,88.58999633789062,1275100
2020-07-08,88.73999786376953,89.63999938964844,87.66999816894531,88.69999694824219,88.69999694824219,1065500
2020-07-09,88.69000244140625,89.5,85.70999908447266,86.2300033569336,86.2300033569336,1440300
2020-07-10,86.44999694824219,88.20999908447266,85.87999725341797,88.19000244140625,88.19000244140625,968600
2020-07-13,89.06999969482422,90.33000183105469,87.19000244140625,87.27999877929688,87.27999877929688,1328100
2020-07-14,86.94999694824219,91.51000213623047,86.76000213623047,91.3499984741211,91.3499984741211,1131100
2020-07-15,92.58000183105469,95.05999755859375,92.18000030517578,95.04000091552734,95.04000091552734,1437800
2020-07-16,94.83999633789062,95.72000122070312,93.91000366210938,95.22000122070312,95.22000122070312,1023900
2020-07-17,95.55999755859375,95.95999908447266,94.55999755859375,95.0199966430664,95.0199966430664,927500
2020-07-20,94.20999908447266,94.54000091552734,92.55000305175781,93.3499984741211,93.3499984741211,982900
2020-07-21,93.80999755859375,96.31999969482422,93.70999908447266,95.2699966430664,95.2699966430664,847200
2020-07-22,95.30000305175781,98.19999694824219,95.30000305175781,97.8499984741211,97.8499984741211,1387200
2020-07-23,98.52999877929688,99.95999908447266,96.91999816894531,97.77999877929688,97.77999877929688,1323300
2020-07-24,97.05999755859375,98.26000213623047,96.51000213623047,97.45999908447266,97.45999908447266,933000
2020-07-27,97.87999725341797,98.3499984741211,96.55999755859375,97.7699966430664,97.7699966430664,961100
2020-07-28,97.44999694824219,99.44000244140625,97.05000305175781,97.16999816894531,97.16999816894531,926000
2020-07-29,97.51000213623047,99.16999816894531,97.4800033569336,98.68000030517578,98.68000030517578,1358300
2020-07-30,98.0,98.83999633789062,97.38999938964844,98.33000183105469,98.33000183105469,1267200
2020-07-31,98.55999755859375,98.69000244140625,96.05000305175781,96.97000122070312,96.97000122070312,1104700
2020-08-03,97.36000061035156,98.27999877929688,96.47000122070312,97.4000015258789,97.4000015258789,892600
2020-08-04,97.26000213623047,100.69999694824219,97.26000213623047,99.36000061035156,99.36000061035156,1444200
2020-08-05,100.30000305175781,101.11000061035156,99.44999694824219,100.36000061035156,100.36000061035156,954200
2020-08-06,99.68000030517578,101.1500015258789,99.18000030517578,100.6500015258789,100.6500015258789,1085500
2020-08-07,99.76000213623047,100.63999938964844,99.11000061035156,100.27999877929688,100.27999877929688,859700
2020-08-10,100.51000213623047,102.7699966430664,100.51000213623047,102.19999694824219,102.19999694824219,1375100
2020-08-11,103.0,104.83000183105469,102.5,103.98999786376953,103.98999786376953,1383800
2020-08-12,104.69999694824219,106.73999786376953,104.36000061035156,106.23999786376953,106.23999786376953,1484400
2020-08-13,105.45999908447266,105.86000061035156,104.08000183105469,104.36000061035156,104.36000061035156,831100
2020-08-14,104.5999984741211,104.93000030517578,103.58999633789062,104.3499984741211,104.3499984741211,575800
2020-08-17,104.2699966430664,106.4000015258789,104.2699966430664,105.62000274658203,105.62000274658203,1178600
2020-08-18,106.87000274658203,107.43000030517578,105.66000366210938,106.62999725341797,106.62999725341797,1236500
2020-08-19,107.06999969482422,107.5,105.70999908447266,106.77999877929688,106.77999877929688,788300
2020-08-20,105.69999694824219,107.66000366210938,105.41000366210938,106.12000274658203,106.12000274658203,640800
2020-08-21,106.12999725341797,107.41000366210938,105.63999938964844,106.91999816894531,106.91999816894531,677400
2020-08-24,107.80000305175781,108.9800033569336,106.94000244140625,108.80000305175781,108.80000305175781,651800
2020-08-25,108.81999969482422,109.30999755859375,106.98999786376953,107.04000091552734,107.04000091552734,657200
2020-08-26,106.87999725341797,107.66000366210938,106.36000061035156,107.2300033569336,107.2300033569336,605800
2020-08-27,107.77999877929688,108.41000366210938,106.26000213623047,106.54000091552734,106.54000091552734,736200
2020-08-28,107.08999633789062,107.88999938964844,106.44999694824219,107.25,107.25,624400
2020-08-31,107.29000091552734,107.7699966430664,106.18000030517578,106.93000030517578,106.93000030517578,1021800
2020-09-01,106.61000061035156,109.1500015258789,105.9000015258789,108.58000183105469,108.58000183105469,1087700
2020-09-02,108.48999786376953,109.05999755859375,106.63999938964844,108.5999984741211,108.5999984741211,1098300
2020-09-03,108.58000183105469,108.58999633789062,104.27999877929688,106.31999969482422,106.31999969482422,925200
2020-09-04,106.66000366210938,108.12000274658203,104.29000091552734,105.58000183105469,105.58000183105469,625500
2020-09-08,104.23999786376953,107.11000061035156,103.44000244140625,104.62000274658203,104.62000274658203,1336900
2020-09-09,105.01000213623047,105.83999633789062,103.91999816894531,105.1500015258789,105.1500015258789,1914700
2020-09-10,105.0,106.47000122070312,102.37000274658203,102.45999908447266,102.45999908447266,1029100
2020-09-11,102.88999938964844,103.05000305175781,101.08999633789062,101.62999725341797,101.62999725341797,1279800
2020-09-14,101.86000061035156,105.08999633789062,101.72000122070312,104.80000305175781,104.80000305175781,1108300
2020-09-15,105.98999786376953,106.44000244140625,104.76000213623047,105.01000213623047,105.01000213623047,914600
2020-09-16,105.69000244140625,106.0,104.31999969482422,104.51000213623047,104.51000213623047,948500
2020-09-17,103.2300033569336,104.2300033569336,102.1500015258789,102.98999786376953,102.98999786376953,839300
2020-09-18,102.45999908447266,104.75,102.44999694824219,103.06999969482422,103.06999969482422,1224500
2020-09-21,102.11000061035156,102.11000061035156,99.37999725341797,101.12000274658203,101.12000274658203,1251600
2020-09-22,104.4000015258789,105.77999877929688,103.51000213623047,104.30000305175781,104.30000305175781,1778900
2020-09-23,108.27999877929688,108.8499984741211,105.86000061035156,105.93000030517578,105.93000030517578,3925400
2020-09-24,100.0999984741211,100.25,91.69999694824219,94.27999877929688,94.27999877929688,7406400
2020-09-25,95.25,95.51000213623047,92.5,94.02999877929688,94.02999877929688,3435000
2020-09-28,95.87999725341797,96.27999877929688,94.44000244140625,95.05000305175781,95.05000305175781,1685700
2020-09-29,94.70999908447266,94.88999938964844,92.6500015258789,93.08000183105469,93.08000183105469,2104200
2020-09-30,93.02999877929688,93.48999786376953,91.13999938964844,91.91000366210938,91.91000366210938,2718800
2020-10-01,92.83999633789062,93.52999877929688,91.12999725341797,93.48999786376953,93.48999786376953,1764600
2020-10-02,93.55000305175781,95.86000061035156,93.02999877929688,95.55000305175781,95.55000305175781,2556300
2020-10-05,96.94999694824219,99.19000244140625,96.45999908447266,97.91000366210938,97.91000366210938,2243600
2020-10-06,98.81999969482422,98.83999633789062,93.0,93.1500015258789,93.1500015258789,2021200
2020-10-07,93.86000061035156,95.04000091552734,93.44000244140625,94.0999984741211,94.0999984741211,1542100
2020-10-08,94.56999969482422,96.0999984741211,93.52999877929688,95.94000244140625,95.94000244140625,764100
2020-10-09,96.80000305175781,97.29000091552734,94.6500015258789,94.95999908447266,94.95999908447266,2174900
2020-10-12,94.9800033569336,95.19999694824219,92.48999786376953,92.51000213623047,92.51000213623047,1878900
2020-10-13,92.5199966430664,95.44000244140625,92.12000274658203,93.12999725341797,93.12999725341797,2132500
2020-10-14,93.73999786376953,93.91999816894531,91.30999755859375,91.58000183105469,91.58000183105469,1963400
2020-10-15,90.5,93.7300033569336,90.25,93.12000274658203,93.12000274658203,1674300
2020-10-16,93.37999725341797,94.33000183105469,92.51000213623047,93.73999786376953,93.73999786376953,1251800
2020-10-19,94.76000213623047,95.76000213623047,91.93000030517578,92.04000091552734,92.04000091552734,1063600
2020-10-20,92.23999786376953,92.7699966430664,91.08000183105469,91.12999725341797,91.12999725341797,1178300
2020-10-21,93.06999969482422,93.88999938964844,89.68000030517578,89.80999755859375,89.80999755859375,1083600
2020-10-22,89.52999877929688,91.68000030517578,89.0,91.41999816894531,91.41999816894531,1075500
2020-10-23,91.91999816894531,92.04000091552734,89.58999633789062,90.94999694824219,90.94999694824219,950200
2020-10-26,90.13999938964844,90.3499984741211,87.2699966430664,88.79000091552734,88.79000091552734,1317300
2020-10-27,89.13999938964844,89.43000030517578,87.25,87.44000244140625,87.44000244140625,1267300
2020-10-28,85.02999877929688,88.45999908447266,84.69999694824219,87.87999725341797,87.87999725341797,1414000
2020-10-29,87.52999877929688,88.73999786376953,86.47000122070312,88.20999908447266,88.20999908447266,1381500
2020-10-30,87.41000366210938,88.44000244140625,85.79000091552734,86.44000244140625,86.44000244140625,1322600
2020-11-02,87.19999694824219,89.16000366210938,87.11000061035156,89.08000183105469,89.08000183105469,1174100
2020-11-03,90.12999725341797,93.95999908447266,90.12999725341797,93.12000274658203,93.12000274658203,1154700
2020-11-04,91.8499984741211,94.19000244140625,91.54000091552734,91.55000305175781,91.55000305175781,1056600
2020-11-05,92.91999816894531,94.2699966430664,92.44000244140625,93.31999969482422,93.31999969482422,718100
2020-11-06,93.62999725341797,93.76000213623047,92.11000061035156,92.75,92.75,682600
2020-11-09,96.69999694824219,101.16000366210938,95.83999633789062,95.97000122070312,95.97000122070312,1499000
2020-11-10,96.20999908447266,96.6500015258789,92.94000244140625,94.30999755859375,94.30999755859375,1367600
2020-11-11,94.38999938964844,94.93000030517578,92.69999694824219,93.41999816894531,93.41999816894531,1171400
2020-11-12,92.87999725341797,93.95999908447266,91.66000366210938,93.0999984741211,93.0999984741211,1083100
2020-11-13,93.87000274658203,95.70999908447266,93.77999877929688,95.4800033569336,95.4800033569336,924800
2020-11-16,97.27999877929688,98.2300033569336,95.08999633789062,97.58999633789062,97.58999633789062,886000
2020-11-17,96.79000091552734,96.79000091552734,94.30999755859375,94.7300033569336,94.7300033569336,1211700
2020-11-18,94.52999877929688,95.55000305175781,92.72000122070312,92.81999969482422,92.81999969482422,1394800
2020-11-19,92.68000030517578,94.55000305175781,92.05999755859375,94.52999877929688,94.52999877929688,959400
2020-11-20,94.45999908447266,95.37000274658203,93.76000213623047,94.55000305175781,94.55000305175781,1176000
2020-11-23,95.5,97.19999694824219,94.87999725341797,96.44000244140625,96.44000244140625,1249100
2020-11-24,97.36000061035156,97.81999969482422,95.81999969482422,96.04000091552734,96.04000091552734,1083200
2020-11-25,95.19999694824219,95.7699966430664,93.94000244140625,95.29000091552734,95.29000091552734,834600
2020-11-27,95.54000091552734,96.87000274658203,94.87999725341797,95.37000274658203,95.37000274658203,394100
2020-11-30,94.91000366210938,95.94999694824219,92.6500015258789,93.4800033569336,93.4800033569336,986100
2020-12-01,94.43000030517578,96.30999755859375,93.56999969482422,96.13999938964844,96.13999938964844,1301800
2020-12-02,95.47000122070312,96.69000244140625,93.30000305175781,96.47000122070312,96.47000122070312,1414200
2020-12-03,96.2699966430664,97.33999633789062,95.6500015258789,96.2699966430664,96.2699966430664,882100
2020-12-04,96.62000274658203,97.08999633789062,95.6500015258789,96.5,96.5,1007400
2020-12-07,96.43000030517578,97.30000305175781,95.58000183105469,96.05999755859375,96.05999755859375,1112500
2020-12-08,95.18000030517578,95.7699966430664,93.9000015258789,94.37999725341797,94.37999725341797,1219700
2020-12-09,92.87000274658203,95.08999633789062,92.16000366210938,94.87000274658203,94.87000274658203,1527100
2020-12-10,94.23999786376953,95.22000122070312,93.55000305175781,94.33999633789062,94.33999633789062,737900
2020-12-11,93.9000015258789,94.94999694824219,93.38999938964844,93.93000030517578,93.93000030517578,807700
2020-12-14,94.94000244140625,95.41000366210938,92.30000305175781,92.54000091552734,92.54000091552734,1455900
2020-12-15,93.87999725341797,96.37999725341797,93.80999755859375,96.12999725341797,96.12999725341797,1061900
2020-12-16,96.54000091552734,99.55000305175781,96.16000366210938,99.08000183105469,99.08000183105469,1567900
2020-12-17,98.72000122070312,99.9000015258789,97.01000213623047,99.79000091552734,99.79000091552734,1545000
2020-12-18,99.37000274658203,100.44000244140625,97.94000244140625,98.25,98.25,3965300
2020-12-21,97.5199966430664,100.68000030517578,97.20999908447266,100.45999908447266,100.45999908447266,2899700
2020-12-22,96.62000274658203,98.83000183105469,91.83000183105469,92.33000183105469,92.33000183105469,9158500
2020-12-23,92.94000244140625,94.01000213623047,92.0,93.18000030517578,93.18000030517578,2539300
2020-12-24,93.27999877929688,93.47000122070312,91.25,92.30000305175781,92.30000305175781,1042300
2020-12-28,92.83999633789062,92.83999633789062,90.87999725341797,91.0,91.0,1346100
2020-12-29,91.01000213623047,92.44999694824219,90.30000305175781,92.23999786376953,92.23999786376953,1225100
2020-12-30,91.79000091552734,94.8499984741211,91.75,94.62000274658203,94.62000274658203,1307800
2020-12-31,94.18000030517578,95.0,92.88999938964844,94.45999908447266,94.45999908447266,1171100
2021-01-04,94.30000305175781,94.37000274658203,92.12999725341797,93.30000305175781,93.30000305175781,1665400
2021-01-05,93.23999786376953,94.30999755859375,92.36000061035156,94.19999694824219,94.19999694824219,1532400
2021-01-06,94.05000305175781,98.33999633789062,94.05000305175781,97.95999908447266,97.95999908447266,1710400
2021-01-07,98.62000274658203,100.61000061035156,97.43000030517578,100.30000305175781,100.30000305175781,1819300
2021-01-08,100.33000183105469,103.1500015258789,100.33000183105469,102.0999984741211,102.0999984741211,1608100
2021-01-11,101.04000091552734,104.70999908447266,100.87999725341797,104.63999938964844,104.63999938964844,1049400
2021-01-12,104.26000213623047,106.63999938964844,103.86000061035156,106.5,106.5,1321400
2021-01-13,106.66000366210938,108.22000122070312,105.44000244140625,105.48999786376953,105.48999786376953,1289000
2021-01-14,105.93000030517578,107.2300033569336,105.2300033569336,106.3499984741211,106.3499984741211,973400
2021-01-15,105.37999725341797,107.0,104.86000061035156,106.44000244140625,106.44000244140625,1028800
2021-01-19,108.97000122070312,116.69999694824219,107.30000305175781,116.43000030517578,116.43000030517578,2771800
2021-01-20,117.05999755859375,124.91000366210938,116.7699966430664,122.79000091552734,122.79000091552734,4015400
2021-01-21,122.93000030517578,123.69999694824219,119.86000061035156,120.29000091552734,120.29000091552734,1961200
2021-01-22,119.77999877929688,120.4800033569336,117.69999694824219,118.63999938964844,118.63999938964844,1349600
2021-01-25,119.0199966430664,122.11000061035156,118.6500015258789,120.95999908447266,120.95999908447266,1777500
2021-01-26,121.26000213623047,128.5800018310547,121.08000183105469,127.79000091552734,127.79000091552734,2606100
2021-01-27,125.80999755859375,126.19999694824219,120.31999969482422,121.44999694824219,121.44999694824219,2598100
2021-01-28,121.48999786376953,123.52999877929688,120.20999908447266,121.29000091552734,121.29000091552734,1785600
2021-01-29,120.33999633789062,120.9800033569336,116.7699966430664,117.77999877929688,117.77999877929688,1508500
2021-02-01,119.61000061035156,120.0,116.73999786376953,116.91000366210938,116.91000366210938,1552900
2021-02-02,118.16000366210938,123.55999755859375,117.55999755859375,123.04000091552734,123.04000091552734,1360100
2021-02-03,122.81999969482422,124.08999633789062,121.29000091552734,123.30999755859375,123.30999755859375,880800
2021-02-04,123.76000213623047,126.0,123.47000122070312,125.66000366210938,125.66000366210938,869300
2021-02-05,126.91000366210938,127.48999786376953,125.55000305175781,126.16999816894531,126.16999816894531,1103300
2021-02-08,126.52999877929688,128.5500030517578,126.52999877929688,126.8499984741211,126.8499984741211,724000
2021-02-09,126.44000244140625,126.44000244140625,125.02999877929688,125.41999816894531,125.41999816894531,678700
2021-02-10,125.54000091552734,127.12999725341797,125.1500015258789,125.41999816894531,125.41999816894531,906000
2021-02-11,125.55000305175781,127.80000305175781,125.05000305175781,126.83999633789062,126.83999633789062,477500
2021-02-12,125.52999877929688,126.63999938964844,124.76000213623047,125.0999984741211,125.0999984741211,659900
2021-02-16,125.87000274658203,127.02999877929688,122.2699966430664,122.36000061035156,122.36000061035156,1181600
2021-02-17,121.75,123.16000366210938,119.52999877929688,122.51000213623047,122.51000213623047,927300
2021-02-18,121.70999908447266,122.47000122070312,119.37000274658203,120.23999786376953,120.23999786376953,982800
2021-02-19,120.80000305175781,122.7699966430664,120.69000244140625,121.31999969482422,121.31999969482422,923100
2021-02-22,120.77999877929688,121.58000183105469,119.31999969482422,119.37999725341797,119.37999725341797,751300
2021-02-23,118.80999755859375,119.54000091552734,115.56999969482422,119.26000213623047,119.26000213623047,760600
2021-02-24,119.26000213623047,121.98999786376953,119.0,121.83999633789062,121.83999633789062,774800
2021-02-25,121.8499984741211,124.19000244140625,118.26000213623047,118.91999816894531,118.91999816894531,982500
2021-02-26,119.29000091552734,122.0199966430664,118.4800033569336,119.51000213623047,119.51000213623047,1397900
2021-03-01,120.80999755859375,122.61000061035156,120.5,121.38999938964844,121.38999938964844,1578500
2021-03-02,121.58999633789062,121.91000366210938,119.62000274658203,120.9800033569336,120.9800033569336,1039300
2021-03-03,120.08999633789062,123.08999633789062,119.54000091552734,121.80000305175781,121.80000305175781,975200
2021-03-04,121.08999633789062,122.48999786376953,117.30000305175781,120.30000305175781,120.30000305175781,843300
2021-03-05,122.13999938964844,123.62999725341797,118.62000274658203,123.19999694824219,123.19999694824219,1622400
2021-03-08,123.66000366210938,129.9600067138672,123.37999725341797,129.1699981689453,129.1699981689453,1824200
2021-03-09,129.83999633789062,132.5399932861328,128.52999877929688,128.6699981689453,128.6699981689453,1722800
2021-03-10,130.1300048828125,135.1199951171875,129.63999938964844,133.5500030517578,133.5500030517578,1068300
2021-03-11,134.0399932861328,136.33999633789062,132.77000427246094,132.97000122070312,132.97000122070312,1135800
2021-03-12,133.22000122070312,135.07000732421875,132.24000549316406,133.75999450683594,133.75999450683594,735200
2021-03-15,133.47000122070312,134.5399932861328,132.5500030517578,134.35000610351562,134.35000610351562,1025100
2021-03-16,133.85000610351562,133.85000610351562,130.30999755859375,131.1199951171875,131.1199951171875,1065900
2021-03-17,131.5,132.35000610351562,130.19000244140625,132.0500030517578,132.0500030517578,823200
2021-03-18,131.88999938964844,136.42999267578125,130.91000366210938,134.55999755859375,134.55999755859375,1111200
2021-03-19,134.41000366210938,134.41000366210938,131.24000549316406,133.24000549316406,133.24000549316406,1811000
2021-03-22,133.49000549316406,133.99000549316406,130.41000366210938,132.3000030517578,132.3000030517578,818400
2021-03-23,131.55999755859375,132.3800048828125,130.55999755859375,131.02000427246094,131.02000427246094,685900
2021-03-24,131.02000427246094,132.6999969482422,128.16000366210938,128.35000610351562,128.35000610351562,1015300
2021-03-25,127.38999938964844,131.44000244140625,126.37000274658203,130.60000610351562,130.60000610351562,1158300
2021-03-26,132.3000030517578,133.94000244140625,130.97999572753906,133.80999755859375,133.80999755859375,659500
2021-03-29,135.3300018310547,136.4499969482422,133.08999633789062,134.57000732421875,134.57000732421875,1017900
2021-03-30,135.22999572753906,136.5399932861328,134.4199981689453,135.8300018310547,135.8300018310547,1408400
2021-03-31,133.41000366210938,135.4199981689453,132.5,132.66000366210938,132.66000366210938,1680100
2021-04-01,126.44999694824219,129.25,122.55999755859375,123.30999755859375,123.30999755859375,4638100
2021-04-05,125.56999969482422,128.52000427246094,122.86000061035156,128.05999755859375,128.05999755859375,2047300
2021-04-06,127.27999877929688,127.83000183105469,124.69000244140625,126.33000183105469,126.33000183105469,1516500
2021-04-07,126.04000091552734,127.44000244140625,124.83999633789062,126.0999984741211,126.0999984741211,865000
2021-04-08,126.08000183105469,128.24000549316406,124.69000244140625,128.14999389648438,128.14999389648438,1015700
2021-04-09,128.89999389648438,132.1199951171875,128.14999389648438,131.6300048828125,131.6300048828125,1095900
2021-04-12,131.25,132.35000610351562,130.47999572753906,132.10000610351562,132.10000610351562,1164000
2021-04-13,131.5,131.5,128.83999633789062,130.14999389648438,130.14999389648438,1228100
2021-04-14,130.67999267578125,131.88999938964844,129.44000244140625,129.6199951171875,129.6199951171875,766500
2021-04-15,129.02999877929688,129.7899932861328,127.79000091552734,129.19000244140625,129.19000244140625,722700
2021-04-16,130.30999755859375,130.60000610351562,129.19000244140625,129.97000122070312,129.97000122070312,660800
2021-04-19,130.0,130.3800048828125,128.82000732421875,130.10000610351562,130.10000610351562,708700
2021-04-20,130.5,130.88999938964844,126.4000015258789,127.80000305175781,127.80000305175781,680800
2021-04-21,127.52999877929688,129.52999877929688,126.86000061035156,128.92999267578125,128.92999267578125,532500
2021-04-22,129.7899932861328,130.8300018310547,128.3000030517578,129.0500030517578,129.0500030517578,683500
2021-04-23,129.69000244140625,131.60000610351562,128.36000061035156,131.0800018310547,131.0800018310547,583000
2021-04-26,131.99000549316406,132.3300018310547,130.30999755859375,131.42999267578125,131.42999267578125,1112700
2021-04-27,131.42999267578125,134.19000244140625,131.22999572753906,133.0500030517578,133.0500030517578,638400
2021-04-28,132.80999755859375,134.8000030517578,132.22000122070312,134.08999633789062,134.08999633789062,586700
2021-04-29,134.97999572753906,136.0,131.8699951171875,133.19000244140625,133.19000244140625,562800
2021-04-30,132.64999389648438,133.5,131.88999938964844,133.24000549316406,133.24000549316406,768100
2021-05-03,134.25,138.0,134.1999969482422,136.94000244140625,136.94000244140625,1343800
2021-05-04,136.8800048828125,137.9499969482422,134.99000549316406,137.41000366210938,137.41000366210938,895000
2021-05-05,138.0,138.77000427246094,137.1300048828125,137.89999389648438,137.89999389648438,1033100
2021-05-06,137.97999572753906,138.02000427246094,128.25,130.2899932861328,130.2899932861328,2555500
2021-05-07,129.77000427246094,130.6699981689453,128.52000427246094,129.99000549316406,129.99000549316406,1387300
2021-05-10,130.63999938964844,130.75999450683594,127.72000122070312,127.91000366210938,127.91000366210938,1251500
2021-05-11,126.69000244140625,127.26000213623047,122.73999786376953,123.41999816894531,123.41999816894531,1440400
2021-05-12,122.5,122.80000305175781,118.0199966430664,118.06999969482422,118.06999969482422,1192400
2021-05-13,118.4000015258789,122.08000183105469,117.33000183105469,121.11000061035156,121.11000061035156,1316400
2021-05-14,122.41999816894531,125.43000030517578,122.11000061035156,124.83000183105469,124.83000183105469,897700
2021-05-17,124.79000091552734,125.0,123.04000091552734,124.44000244140625,124.44000244140625,646400
2021-05-18,123.95999908447266,124.54000091552734,119.91000366210938,120.16000366210938,120.16000366210938,1163900
2021-05-19,116.30000305175781,117.58999633789062,113.86000061035156,115.91000366210938,115.91000366210938,1548500
2021-05-20,115.91999816894531,117.83999633789062,114.0199966430664,117.19000244140625,117.19000244140625,1118300
2021-05-21,118.02999877929688,119.06999969482422,116.44999694824219,116.68000030517578,116.68000030517578,1147100
2021-05-24,116.0,116.2699966430664,113.05999755859375,113.87999725341797,113.87999725341797,1909500
2021-05-25,114.62000274658203,115.30999755859375,112.8499984741211,113.37000274658203,113.37000274658203,1705000
2021-05-26,113.38999938964844,115.33999633789062,112.97000122070312,114.79000091552734,114.79000091552734,1174500
2021-05-27,116.06999969482422,116.63999938964844,114.75,115.79000091552734,115.79000091552734,849200
2021-05-28,116.16000366210938,116.19999694824219,115.0999984741211,115.19000244140625,115.19000244140625,535100
2021-06-01,117.4000015258789,118.11000061035156,116.08000183105469,116.69999694824219,116.69999694824219,865400
2021-06-02,116.9800033569336,117.80000305175781,114.25,114.69999694824219,114.69999694824219,1109600
2021-06-03,114.16000366210938,114.83999633789062,113.08999633789062,113.80999755859375,113.80999755859375,828300
2021-06-04,114.80999755859375,114.80999755859375,112.62999725341797,114.05000305175781,114.05000305175781,565500
2021-06-07,114.01000213623047,115.05000305175781,112.62999725341797,114.55999755859375,114.55999755859375,874300
2021-06-08,114.5199966430664,115.87000274658203,113.11000061035156,115.02999877929688,115.02999877929688,762700
2021-06-09,114.88999938964844,115.7300033569336,114.12999725341797,115.0,115.0,898400
2021-06-10,115.5,116.43000030517578,114.94000244140625,115.0,115.0,911400
2021-06-11,115.44000244140625,118.72000122070312,115.44000244140625,116.8499984741211,116.8499984741211,951500
2021-06-14,117.19000244140625,118.38999938964844,116.97000122070312,118.0999984741211,118.0999984741211,1133600
2021-06-15,117.94999694824219,119.19999694824219,117.54000091552734,118.83000183105469,118.83000183105469,1171100
2021-06-16,118.58000183105469,118.87000274658203,116.2699966430664,117.47000122070312,117.47000122070312,949100
2021-06-17,117.51000213623047,118.45999908447266,114.25,115.91999816894531,115.91999816894531,1395800
2021-06-18,113.18000030517578,114.72000122070312,113.05000305175781,113.16000366210938,113.16000366210938,1702100
2021-06-21,114.30999755859375,116.8499984741211,114.30999755859375,116.08999633789062,116.08999633789062,1030100
2021-06-22,116.11000061035156,117.81999969482422,115.4000015258789,117.44999694824219,117.44999694824219,1045500
2021-06-23,117.22000122070312,118.9800033569336,116.79000091552734,118.2699966430664,118.2699966430664,1311600
2021-06-24,119.25,120.7300033569336,119.08000183105469,119.43000030517578,119.43000030517578,1840500
2021-06-25,125.68000030517578,128.27999877929688,122.30000305175781,127.4000015258789,127.4000015258789,4464600
2021-06-28,127.55999755859375,129.33999633789062,124.83000183105469,129.00999450683594,129.00999450683594,1975900
2021-06-29,129.50999450683594,131.5500030517578,128.89999389648438,130.64999389648438,130.64999389648438,1946300
2021-06-30,130.07000732421875,131.30999755859375,129.02999877929688,129.14999389648438,129.14999389648438,1410500
2021-07-01,129.5,131.14999389648438,128.5399932861328,130.5800018310547,130.5800018310547,1055300
2021-07-02,130.75999450683594,134.3699951171875,130.36000061035156,133.82000732421875,133.82000732421875,1064600
2021-07-06,133.47999572753906,133.5,131.83999633789062,132.74000549316406,132.74000549316406,1199800
2021-07-07,132.02999877929688,137.52999877929688,132.02999877929688,136.8800048828125,136.8800048828125,1385900
2021-07-08,132.35000610351562,135.5,130.24000549316406,133.27000427246094,133.27000427246094,1287100
2021-07-09,135.4499969482422,135.66000366210938,133.3800048828125,134.83999633789062,134.83999633789062,743700
2021-07-12,134.47000122070312,136.4499969482422,134.0,135.4199981689453,135.4199981689453,682700
2021-07-13,134.32000732421875,135.05999755859375,131.52000427246094,131.74000549316406,131.74000549316406,1407900
2021-07-14,132.25999450683594,134.47000122070312,131.91000366210938,134.19000244140625,134.19000244140625,780100
2021-07-15,132.8000030517578,134.42999267578125,129.86000061035156,131.25999450683594,131.25999450683594,980700
2021-07-16,132.05999755859375,132.9499969482422,130.80999755859375,130.9499969482422,130.9499969482422,577500
2021-07-19,128.86000061035156,129.0800018310547,126.41000366210938,128.5500030517578,128.5500030517578,843500
2021-07-20,129.1199951171875,134.8000030517578,129.1199951171875,134.3800048828125,134.3800048828125,860600
2021-07-21,134.85000610351562,138.0,134.72000122070312,135.92999267578125,135.92999267578125,987900
2021-07-22,135.88999938964844,135.88999938964844,133.72000122070312,134.41000366210938,134.41000366210938,615700
2021-07-23,135.2899932861328,135.67999267578125,133.8000030517578,134.83999633789062,134.83999633789062,1060800
2021-07-26,134.33999633789062,135.27999877929688,133.4499969482422,135.08999633789062,135.08999633789062,635800
2021-07-27,133.8800048828125,135.58999633789062,133.38999938964844,134.97000122070312,134.97000122070312,747700
2021-07-28,135.39999389648438,136.61000061035156,133.00999450683594,133.3000030517578,133.3000030517578,518500
2021-07-29,134.02000427246094,135.61000061035156,133.0800018310547,134.97000122070312,134.97000122070312,725000
2021-07-30,133.72999572753906,136.4499969482422,133.27000427246094,133.9499969482422,133.9499969482422,616700
2021-08-02,135.6999969482422,137.16000366210938,134.89999389648438,136.5,136.5,1028200
2021-08-03,136.50999450683594,139.9499969482422,136.25999450683594,139.6999969482422,139.6999969482422,1438900
2021-08-04,138.91000366210938,139.89999389648438,135.91000366210938,136.6199951171875,136.6199951171875,1043600
2021-08-05,137.47000122070312,138.4199981689453,135.82000732421875,136.0,136.0,542800
2021-08-06,137.3699951171875,137.8300018310547,133.89999389648438,134.02000427246094,134.02000427246094,739100
2021-08-09,133.44000244140625,133.88999938964844,130.52000427246094,132.85000610351562,132.85000610351562,877100
2021-08-10,132.57000732421875,136.00999450683594,132.3800048828125,135.30999755859375,135.30999755859375,522700
2021-08-11,132.97999572753906,133.7899932861328,130.8800048828125,131.89999389648438,131.89999389648438,1346200
2021-08-12,132.1999969482422,132.88999938964844,128.74000549316406,129.33999633789062,129.33999633789062,880500
2021-08-13,128.86000061035156,129.75,127.7699966430664,128.08999633789062,128.08999633789062,714900
2021-08-16,127.1500015258789,129.25999450683594,124.66999816894531,129.07000732421875,129.07000732421875,1135100
2021-08-17,128.0,128.3699951171875,125.87999725341797,127.47000122070312,127.47000122070312,1162400
2021-08-18,126.9800033569336,127.97000122070312,124.52999877929688,124.62000274658203,124.62000274658203,810400
2021-08-19,123.3499984741211,124.63999938964844,122.51000213623047,124.23999786376953,124.23999786376953,600900
2021-08-20,124.0,124.9000015258789,123.12000274658203,124.76000213623047,124.76000213623047,514700
2021-08-23,125.77999877929688,125.83999633789062,124.08999633789062,124.91999816894531,124.91999816894531,608000
2021-08-24,125.05000305175781,126.4800033569336,125.05000305175781,125.54000091552734,125.54000091552734,508300
2021-08-25,125.86000061035156,128.0800018310547,125.4000015258789,127.4800033569336,127.4800033569336,592000
2021-08-26,127.26000213623047,127.81999969482422,125.75,126.26000213623047,126.26000213623047,559100
2021-08-27,126.62999725341797,127.3499984741211,125.54000091552734,126.58999633789062,126.58999633789062,428000
2021-08-30,127.0,128.1999969482422,125.5,126.48999786376953,126.48999786376953,516900
2021-08-31,126.83999633789062,126.83999633789062,124.2699966430664,125.20999908447266,125.20999908447266,1088400
2021-09-01,126.0199966430664,127.55000305175781,125.8499984741211,127.33999633789062,127.33999633789062,835300
2021-09-02,127.25,127.75,125.86000061035156,126.44000244140625,126.44000244140625,690800
2021-09-03,125.73999786376953,127.62999725341797,125.29000091552734,127.1500015258789,127.1500015258789,607400
2021-09-07,126.7699966430664,128.5800018310547,126.31999969482422,126.91999816894531,126.91999816894531,927800
2021-09-08,127.26000213623047,131.4199981689453,126.5,131.38999938964844,131.38999938964844,1138900
2021-09-09,131.5,134.66000366210938,131.19000244140625,133.22999572753906,133.22999572753906,1100500
2021-09-10,133.97000122070312,135.63999938964844,132.6999969482422,134.52999877929688,134.52999877929688,938300
2021-09-13,135.63999938964844,135.63999938964844,131.99000549316406,134.38999938964844,134.38999938964844,648800
2021-09-14,135.0,135.80999755859375,133.75999450683594,135.0,135.0,743800
2021-09-15,135.0,137.11000061035156,132.85000610351562,136.80999755859375,136.80999755859375,722500
2021-09-16,136.75999450683594,140.24000549316406,136.33999633789062,139.69000244140625,139.69000244140625,1215400
2021-09-17,139.02999877929688,142.0800018310547,138.89999389648438,140.2899932861328,140.2899932861328,1599700
2021-09-20,138.10000610351562,139.8699951171875,136.5399932861328,138.2100067138672,138.2100067138672,1091000
2021-09-21,139.10000610351562,140.83999633789062,136.67999267578125,136.97999572753906,136.97999572753906,918700
2021-09-22,138.3300018310547,141.66000366210938,137.50999450683594,140.50999450683594,140.50999450683594,1117900
2021-09-23,142.0,144.83999633789062,141.6199951171875,142.16000366210938,142.16000366210938,1134600
2021-09-24,142.17999267578125,144.50999450683594,141.75999450683594,144.4199981689453,144.4199981689453,851300
2021-09-27,145.52000427246094,146.97999572753906,144.86000061035156,145.24000549316406,145.24000549316406,1047100
2021-09-28,144.25999450683594,146.55999755859375,142.50999450683594,143.02999877929688,143.02999877929688,1080100
2021-09-29,143.82000732421875,147.72999572753906,143.82000732421875,146.4499969482422,146.4499969482422,1566000
2021-09-30,133.2100067138672,135.97999572753906,127.94999694824219,127.95999908447266,127.95999908447266,5753900
2021-10-01,129.0,129.10000610351562,122.97000122070312,127.18000030517578,127.18000030517578,2837600
2021-10-04,125.76000213623047,126.86000061035156,122.38999938964844,122.54000091552734,122.54000091552734,1923900
2021-10-05,122.43000030517578,127.68000030517578,121.6500015258789,126.2300033569336,126.2300033569336,1769400
2021-10-06,125.19000244140625,129.33999633789062,125.0,129.27000427246094,129.27000427246094,1432700
2021-10-07,130.25999450683594,132.8000030517578,129.33999633789062,131.35000610351562,131.35000610351562,916900
2021-10-08,131.3800048828125,132.39999389648438,129.77999877929688,130.5399932861328,130.5399932861328,821400
2021-10-11,130.0800018310547,130.74000549316406,129.13999938964844,129.27999877929688,129.27999877929688,682800
2021-10-12,129.6699981689453,132.6699981689453,129.6199951171875,131.55999755859375,131.55999755859375,783500
2021-10-13,132.17999267578125,133.69000244140625,131.25999450683594,133.35000610351562,133.35000610351562,721700
2021-10-14,134.5800018310547,136.58999633789062,134.11000061035156,135.63999938964844,135.63999938964844,603000
2021-10-15,137.0,137.82000732421875,135.8300018310547,136.7899932861328,136.7899932861328,535400
2021-10-18,135.91000366210938,138.07000732421875,135.91000366210938,137.52000427246094,137.52000427246094,509200
2021-10-19,138.6300048828125,138.89999389648438,135.92999267578125,138.5,138.5,727700
2021-10-20,139.0800018310547,141.00999450683594,138.10000610351562,138.55999755859375,138.55999755859375,727100
2021-10-21,139.0800018310547,142.55999755859375,138.5,141.89999389648438,141.89999389648438,664800
2021-10-22,142.32000732421875,144.41000366210938,141.77999877929688,143.42999267578125,143.42999267578125,619700
2021-10-25,143.44000244140625,144.11000061035156,139.9199981689453,139.97000122070312,139.97000122070312,921200
2021-10-26,140.38999938964844,140.38999938964844,135.63999938964844,137.44000244140625,137.44000244140625,1188700
2021-10-27,137.58999633789062,138.5800018310547,136.64999389648438,137.14999389648438,137.14999389648438,659900
2021-10-28,137.42999267578125,137.72999572753906,134.6300048828125,136.1199951171875,136.1199951171875,983800
2021-10-29,135.38999938964844,137.77000427246094,135.0,136.9199981689453,136.9199981689453,1079700
2021-11-01,138.05999755859375,139.35000610351562,136.5800018310547,138.9499969482422,138.9499969482422,1463900
2021-11-02,139.02000427246094,145.0500030517578,137.7899932861328,144.38999938964844,144.38999938964844,1911700
2021-11-03,144.91000366210938,147.57000732421875,144.52999877929688,147.50999450683594,147.50999450683594,1253600
2021-11-04,147.63999938964844,151.75999450683594,147.32000732421875,151.00999450683594,151.00999450683594,1213400
2021-11-05,152.77000427246094,154.74000549316406,152.75999450683594,154.69000244140625,154.69000244140625,1318300
2021-11-08,154.85000610351562,155.97999572753906,153.2100067138672,153.9499969482422,153.9499969482422,1547400
2021-11-09,153.27000427246094,155.2100067138672,153.0500030517578,154.85000610351562,154.85000610351562,1000600
2021-11-10,153.38999938964844,154.9499969482422,151.4600067138672,151.9499969482422,151.9499969482422,883300
2021-11-11,151.58999633789062,152.07000732421875,150.1199951171875,150.14999389648438,150.14999389648438,737200
2021-11-12,150.14999389648438,150.61000061035156,148.27999877929688,148.80999755859375,148.80999755859375,645500
2021-11-15,150.19000244140625,150.89999389648438,148.47999572753906,149.6199951171875,149.6199951171875,526700
2021-11-16,148.8699951171875,150.0,146.3300018310547,148.00999450683594,148.00999450683594,1292300
2021-11-17,147.9499969482422,148.11000061035156,145.41000366210938,147.3000030517578,147.3000030517578,1042000
2021-11-18,148.5,148.5,145.1300048828125,146.0399932861328,146.0399932861328,891500
2021-11-19,146.22999572753906,147.7100067138672,144.52999877929688,146.99000549316406,146.99000549316406,905000
2021-11-22,147.99000549316406,149.9600067138672,147.02000427246094,147.08999633789062,147.08999633789062,706000
2021-11-23,147.0,147.9199981689453,143.49000549316406,146.32000732421875,146.32000732421875,724800
2021-11-24,144.49000549316406,147.72000122070312,143.1199951171875,147.36000061035156,147.36000061035156,496600
2021-11-26,144.1199951171875,146.99000549316406,143.47000122070312,145.75,145.75,543400
2021-11-29,147.58999633789062,148.83999633789062,145.66000366210938,146.47999572753906,146.47999572753906,718200
2021-11-30,145.6199951171875,146.92999267578125,141.0399932861328,141.25,141.25,1285000
2021-12-01,143.32000732421875,147.3699951171875,140.25,140.30999755859375,140.30999755859375,937000
2021-12-02,140.5399932861328,144.92999267578125,140.22000122070312,144.08999633789062,144.08999633789062,953900
2021-12-03,144.75,145.6300048828125,141.24000549316406,142.67999267578125,142.67999267578125,776900
2021-12-06,143.92999267578125,147.99000549316406,142.8000030517578,144.5,144.5,911600
2021-12-07,149.39999389648438,152.27999877929688,149.39999389648438,149.91000366210938,149.91000366210938,1342200
2021-12-08,149.66000366210938,151.17999267578125,148.02999877929688,148.83999633789062,148.83999633789062,649800
2021-12-09,148.33999633789062,149.4499969482422,146.4499969482422,146.60000610351562,146.60000610351562,669800
2021-12-10,147.5399932861328,149.77000427246094,146.4600067138672,149.47999572753906,149.47999572753906,618900
2021-12-13,149.8300018310547,150.32000732421875,142.9600067138672,143.25,143.25,864700
2021-12-14,141.08999633789062,144.91000366210938,140.22000122070312,141.30999755859375,141.30999755859375,814300
2021-12-15,141.2899932861328,142.64999389648438,139.47999572753906,141.99000549316406,141.99000549316406,932500
2021-12-16,144.67999267578125,145.1699981689453,136.77999877929688,137.39999389648438,137.39999389648438,1040300
2021-12-17,137.0500030517578,138.82000732421875,134.80999755859375,137.5399932861328,137.5399932861328,2080100
2021-12-20,135.07000732421875,135.3000030517578,130.44000244140625,131.75,131.75,1272400
2021-12-21,133.5,137.17999267578125,132.72999572753906,136.99000549316406,136.99000549316406,1694400
2021-12-22,139.6999969482422,139.8000030517578,127.5199966430664,127.87000274658203,127.87000274658203,4585200
2021-12-23,128.1999969482422,131.1999969482422,126.02999877929688,126.30999755859375,126.30999755859375,1909900
2021-12-27,126.98999786376953,127.87999725341797,124.87000274658203,127.48999786376953,127.48999786376953,1447900
2021-12-28,126.94999694824219,128.6199951171875,126.0,127.91000366210938,127.91000366210938,1246900
2021-12-29,128.2899932861328,128.6699981689453,127.27999877929688,127.54000091552734,127.54000091552734,951900
2021-12-30,127.73999786376953,128.8800048828125,127.37000274658203,128.19000244140625,128.19000244140625,1161200
2021-12-31,127.4000015258789,130.74000549316406,127.4000015258789,130.22999572753906,130.22999572753906,1298500
2022-01-03,130.00999450683594,130.57000732421875,126.91999816894531,127.01000213623047,127.01000213623047,1031500
2022-01-04,127.9000015258789,129.0500030517578,123.02999877929688,123.86000061035156,123.86000061035156,1568200
2022-01-05,123.87000274658203,124.47000122070312,119.30999755859375,119.3499984741211,119.3499984741211,1198900
2022-01-06,121.36000061035156,121.36000061035156,118.30999755859375,119.0999984741211,119.0999984741211,1159200
2022-01-07,118.98999786376953,123.18000030517578,118.43000030517578,121.08000183105469,121.08000183105469,2329400
2022-01-10,119.58000183105469,119.70999908447266,115.37000274658203,118.66999816894531,118.66999816894531,1405500
2022-01-11,118.30000305175781,119.41999816894531,114.56999969482422,119.1500015258789,119.1500015258789,1519200
2022-01-12,118.83999633789062,120.25,115.36000061035156,119.26000213623047,119.26000213623047,1614000
2022-01-13,120.19000244140625,120.58000183105469,117.19000244140625,117.47000122070312,117.47000122070312,1362700
2022-01-14,116.05000305175781,116.75,111.63999938964844,113.4000015258789,113.4000015258789,1290500
2022-01-18,111.79000091552734,112.08999633789062,108.86000061035156,110.4000015258789,110.4000015258789,1854400
2022-01-19,110.97000122070312,112.68000030517578,107.58000183105469,107.62999725341797,107.62999725341797,1409000
2022-01-20,108.48999786376953,111.94999694824219,105.87000274658203,106.05999755859375,106.05999755859375,2158700
2022-01-21,105.0,109.56999969482422,102.47000122070312,108.0999984741211,108.0999984741211,2664400
2022-01-24,105.56999969482422,112.31999969482422,103.4800033569336,111.91999816894531,111.91999816894531,2378400
2022-01-25,109.4800033569336,111.63999938964844,106.77999877929688,109.94000244140625,109.94000244140625,2016300
2022-01-26,110.98999786376953,111.58999633789062,106.55999755859375,107.75,107.75,2433500
2022-01-27,110.4000015258789,110.5199966430664,104.54000091552734,105.54000091552734,105.54000091552734,2049700
2022-01-28,106.23999786376953,110.05000305175781,105.02999877929688,110.0,110.0,1594900
2022-01-31,109.4000015258789,111.61000061035156,108.41999816894531,111.16999816894531,111.16999816894531,1359700
2022-02-01,110.94999694824219,112.11000061035156,108.68000030517578,110.95999908447266,110.95999908447266,1102300
2022-02-02,110.94000244140625,111.11000061035156,107.95999908447266,109.80000305175781,109.80000305175781,1521700
2022-02-03,108.30999755859375,109.80000305175781,106.58999633789062,106.72000122070312,106.72000122070312,1514100
2022-02-04,106.11000061035156,107.7699966430664,103.43000030517578,106.25,106.25,1540700
2022-02-07,106.5,107.93000030517578,104.38999938964844,105.58999633789062,105.58999633789062,835200
2022-02-08,105.26000213623047,109.06999969482422,105.16000366210938,109.04000091552734,109.04000091552734,1476500
2022-02-09,110.80000305175781,114.43000030517578,110.80000305175781,112.69000244140625,112.69000244140625,2229200
2022-02-10,110.01000213623047,113.08999633789062,109.47000122070312,110.58999633789062,110.58999633789062,1200300
2022-02-11,110.44000244140625,111.43000030517578,107.5999984741211,108.4800033569336,108.4800033569336,1108400
2022-02-14,108.9000015258789,112.26000213623047,108.38999938964844,110.95999908447266,110.95999908447266,1058300
2022-02-15,112.45999908447266,113.54000091552734,110.69999694824219,113.31999969482422,113.31999969482422,1151900
2022-02-16,109.80000305175781,110.86000061035156,107.31999969482422,109.58000183105469,109.58000183105469,1553800
2022-02-17,109.7300033569336,110.12999725341797,106.54000091552734,107.4800033569336,107.4800033569336,1340700
2022-02-18,107.13999938964844,108.33999633789062,105.4800033569336,105.63999938964844,105.63999938964844,1532900
2022-02-22,104.7300033569336,105.47000122070312,99.9000015258789,101.16999816894531,101.16999816894531,1773800
2022-02-23,102.12000274658203,103.80999755859375,99.51000213623047,100.3499984741211,100.3499984741211,1620300
2022-02-24,97.58999633789062,105.41999816894531,96.38999938964844,105.1500015258789,105.1500015258789,1530600
2022-02-25,105.41000366210938,108.38999938964844,103.2699966430664,107.3499984741211,107.3499984741211,1252900
2022-02-28,107.0999984741211,109.54000091552734,106.63999938964844,109.33000183105469,109.33000183105469,1463400
2022-03-01,108.69000244140625,108.69999694824219,104.13999938964844,105.23999786376953,105.23999786376953,1659400
2022-03-02,105.33999633789062,107.2699966430664,104.0,105.80000305175781,105.80000305175781,1559800
2022-03-03,107.04000091552734,107.12999725341797,103.1500015258789,104.48999786376953,104.48999786376953,1048600
2022-03-04,103.4800033569336,104.7300033569336,101.80999755859375,103.06999969482422,103.06999969482422,1403300
2022-03-07,102.0999984741211,103.33999633789062,99.43000030517578,100.01000213623047,100.01000213623047,2641900
2022-03-08,100.01000213623047,104.8499984741211,98.66000366210938,99.94999694824219,99.94999694824219,1374100
2022-03-09,101.9800033569336,103.48999786376953,101.25,101.88999938964844,101.88999938964844,1336400
2022-03-10,99.94999694824219,101.48999786376953,98.52999877929688,100.75,100.75,1001200
2022-03-11,100.5,101.27999877929688,98.80000305175781,99.20999908447266,99.20999908447266,892400
2022-03-14,99.08999633789062,101.69999694824219,98.19999694824219,98.55000305175781,98.55000305175781,1248900
2022-03-15,98.95999908447266,102.29000091552734,98.61000061035156,100.91999816894531,100.91999816894531,1029000
2022-03-16,100.88999938964844,103.06999969482422,98.43000030517578,102.0199966430664,102.0199966430664,2006500
2022-03-17,100.73999786376953,103.95999908447266,99.69999694824219,103.91999816894531,103.91999816894531,1118200
2022-03-18,103.98999786376953,105.9000015258789,103.29000091552734,104.47000122070312,104.47000122070312,2572600
2022-03-21,104.47000122070312,105.68000030517578,101.37999725341797,102.58999633789062,102.58999633789062,1328700
2022-03-22,102.98999786376953,104.91999816894531,101.80000305175781,103.05000305175781,103.05000305175781,1655100
2022-03-23,102.12999725341797,102.70999908447266,98.54000091552734,98.91999816894531,98.91999816894531,1439300
2022-03-24,99.06999969482422,100.58000183105469,98.69999694824219,99.27999877929688,99.27999877929688,1436800
2022-03-25,99.87000274658203,99.87000274658203,95.88999938964844,97.2699966430664,97.2699966430664,1645300
2022-03-28,97.86000061035156,98.7300033569336,95.04000091552734,98.62999725341797,98.62999725341797,2218100
2022-03-29,101.25,104.61000061035156,100.62999725341797,103.81999969482422,103.81999969482422,2282900
2022-03-30,102.69999694824219,103.7300033569336,101.22000122070312,101.52999877929688,101.52999877929688,1304100
2022-03-31,101.16000366210938,101.22000122070312,96.4800033569336,96.4800033569336,96.4800033569336,1931000
2022-04-01,97.29000091552734,98.5199966430664,95.66000366210938,98.48999786376953,98.48999786376953,1527100
2022-04-04,98.55999755859375,102.56999969482422,98.2300033569336,101.37000274658203,101.37000274658203,1679400
2022-04-05,100.0,102.63999938964844,98.87000274658203,99.81999969482422,99.81999969482422,1489200
2022-04-06,96.06999969482422,98.4000015258789,95.22000122070312,97.76000213623047,97.76000213623047,2499000
2022-04-07,97.12000274658203,99.69999694824219,94.3499984741211,99.12000274658203,99.12000274658203,2007300
2022-04-08,98.63999938964844,103.2300033569336,97.86000061035156,102.22000122070312,102.22000122070312,2191800
2022-04-11,101.04000091552734,105.9000015258789,101.04000091552734,103.16999816894531,103.16999816894531,2923000
2022-04-12,99.62999725341797,101.5,93.2300033569336,93.33000183105469,93.33000183105469,8382700
2022-04-13,91.51000213623047,94.31999969482422,90.55000305175781,92.98999786376953,92.98999786376953,3595500
2022-04-14,93.69999694824219,94.61000061035156,91.5199966430664,91.79000091552734,91.79000091552734,2099900
2022-04-18,91.30000305175781,92.3499984741211,90.44000244140625,91.11000061035156,91.11000061035156,1601800
2022-04-19,91.43000030517578,96.7699966430664,91.29000091552734,96.29000091552734,96.29000091552734,1775400
2022-04-20,96.87000274658203,97.86000061035156,92.9800033569336,93.06999969482422,93.06999969482422,1746300
2022-04-21,93.5,93.86000061035156,90.0199966430664,90.66999816894531,90.66999816894531,2176300
2022-04-22,90.26000213623047,91.8499984741211,89.52999877929688,90.37999725341797,90.37999725341797,1811400
2022-04-25,89.61000061035156,90.6500015258789,87.48999786376953,90.44999694824219,90.44999694824219,2463600
2022-04-26,89.62000274658203,90.27999877929688,88.41999816894531,88.43000030517578,88.43000030517578,1476300
2022-04-27,88.05000305175781,90.81999969482422,87.1500015258789,88.87000274658203,88.87000274658203,1715700
2022-04-28,89.94000244140625,90.66000366210938,87.13999938964844,89.0999984741211,89.0999984741211,1414600
2022-04-29,88.77999877929688,89.8499984741211,85.6500015258789,85.77999877929688,85.77999877929688,1515600
2022-05-02,85.8499984741211,91.26000213623047,85.36000061035156,91.13999938964844,91.13999938964844,1953100
2022-05-03,90.87000274658203,95.66999816894531,90.3499984741211,95.06999969482422,95.06999969482422,2642900
2022-05-04,94.41000366210938,100.3499984741211,93.94000244140625,100.18000030517578,100.18000030517578,2433500
2022-05-05,98.33999633789062,98.55999755859375,90.7699966430664,92.37999725341797,92.37999725341797,2123700
2022-05-06,92.16999816894531,96.18000030517578,90.48999786376953,94.69999694824219,94.69999694824219,2218300
2022-05-09,92.94999694824219,96.0199966430664,92.19000244140625,92.80999755859375,92.80999755859375,2102400
2022-05-10,94.20999908447266,96.33000183105469,89.27999877929688,92.22000122070312,92.22000122070312,2486100
2022-05-11,91.87000274658203,93.9000015258789,89.4800033569336,89.79000091552734,89.79000091552734,1696000
2022-05-12,89.16000366210938,93.83000183105469,88.75,91.26000213623047,91.26000213623047,2663500
2022-05-13,92.16999816894531,95.55999755859375,91.26000213623047,91.66000366210938,91.66000366210938,2184600
2022-05-16,91.91000366210938,93.9000015258789,90.04000091552734,92.66000366210938,92.66000366210938,2800500
2022-05-17,94.61000061035156,97.54000091552734,94.37999725341797,97.47000122070312,97.47000122070312,1711400
2022-05-18,95.08000183105469,95.23999786376953,88.16999816894531,89.80000305175781,89.80000305175781,2236300
2022-05-19,89.80000305175781,92.19999694824219,88.02999877929688,90.80000305175781,90.80000305175781,2245600
2022-05-20,92.22000122070312,93.62999725341797,89.20999908447266,92.45999908447266,92.45999908447266,2106600
2022-05-23,93.18000030517578,93.29000091552734,89.51000213623047,90.88999938964844,90.88999938964844,1817100
2022-05-24,89.94999694824219,91.22000122070312,88.93000030517578,90.79000091552734,90.79000091552734,1504600
2022-05-25,89.75,96.33999633789062,89.47000122070312,95.94000244140625,95.94000244140625,1578700
2022-05-26,97.48999786376953,99.7300033569336,97.37000274658203,99.16000366210938,99.16000366210938,1475300
2022-05-27,99.31999969482422,100.30999755859375,97.79000091552734,100.29000091552734,100.29000091552734,1263900
2022-05-31,99.0199966430664,99.8499984741211,96.77999877929688,99.2699966430664,99.2699966430664,1716300
2022-06-01,100.01000213623047,100.81999969482422,97.6500015258789,98.45999908447266,98.45999908447266,1805300
2022-06-02,98.62000274658203,99.66000366210938,98.20999908447266,99.19000244140625,99.19000244140625,1158900
2022-06-03,97.62000274658203,98.30999755859375,94.86000061035156,96.3499984741211,96.3499984741211,1257900
2022-06-06,97.33000183105469,98.12999725341797,95.6500015258789,97.51000213623047,97.51000213623047,854700
2022-06-07,94.43000030517578,98.61000061035156,93.87000274658203,98.2300033569336,98.2300033569336,1336000
2022-06-08,98.56999969482422,103.01000213623047,98.56999969482422,102.23999786376953,102.23999786376953,1840400
2022-06-09,102.0,103.22000122070312,99.88999938964844,99.93000030517578,99.93000030517578,1102900
2022-06-10,97.61000061035156,99.3499984741211,95.31999969482422,96.02999877929688,96.02999877929688,1163700
2022-06-13,92.80999755859375,93.62000274658203,88.05999755859375,88.80999755859375,88.80999755859375,2047100
2022-06-14,89.08000183105469,91.77999877929688,89.08000183105469,89.79000091552734,89.79000091552734,1367600
2022-06-15,90.87999725341797,93.4000015258789,90.06999969482422,91.54000091552734,91.54000091552734,1115000
2022-06-16,89.02999877929688,89.55000305175781,84.37000274658203,85.76000213623047,85.76000213623047,2538800
2022-06-17,85.38999938964844,88.56999969482422,85.04000091552734,86.98999786376953,86.98999786376953,2731500
2022-06-21,88.81999969482422,89.62999725341797,87.5,87.68000030517578,87.68000030517578,1626800
2022-06-22,86.83999633789062,90.0999984741211,86.69999694824219,89.75,89.75,1828200
2022-06-23,90.97000122070312,92.0,88.61000061035156,91.76000213623047,91.76000213623047,2470800
2022-06-24,91.79000091552734,99.22000122070312,90.25,98.36000061035156,98.36000061035156,4320400
2022-06-27,99.48999786376953,101.05000305175781,96.30999755859375,98.62000274658203,98.62000274658203,2068800
2022-06-28,98.16000366210938,99.63999938964844,94.3499984741211,94.4000015258789,94.4000015258789,1934800
2022-06-29,94.3499984741211,94.3499984741211,91.69000244140625,93.56999969482422,93.56999969482422,1418300
2022-06-30,92.43000030517578,92.43000030517578,87.58999633789062,90.4800033569336,90.4800033569336,1985300
2022-07-01,90.79000091552734,93.9800033569336,90.33999633789062,92.66999816894531,92.66999816894531,1593000
2022-07-05,90.4000015258789,95.91000366210938,90.2300033569336,95.81999969482422,95.81999969482422,1568200
2022-07-06,95.8499984741211,96.18000030517578,92.2699966430664,92.9800033569336,92.9800033569336,1248600
2022-07-07,93.02999877929688,95.43000030517578,92.75,94.87000274658203,94.87000274658203,1173600
2022-07-08,94.41000366210938,94.8499984741211,92.47000122070312,92.66000366210938,92.66000366210938,1041700
2022-07-11,91.8499984741211,93.02999877929688,88.70999908447266,88.83999633789062,88.83999633789062,1104600
2022-07-12,88.91999816894531,92.18000030517578,88.91999816894531,91.23999786376953,91.23999786376953,1487900
2022-07-13,89.83999633789062,91.37000274658203,88.72000122070312,90.5999984741211,90.5999984741211,992700
2022-07-14,88.72000122070312,89.37000274658203,86.5999984741211,89.11000061035156,89.11000061035156,1252900
2022-07-15,90.0,92.5999984741211,89.75,91.55000305175781,91.55000305175781,1070000
2022-07-18,92.5999984741211,94.83999633789062,92.1500015258789,92.81999969482422,92.81999969482422,976800
2022-07-19,94.26000213623047,96.2699966430664,93.30000305175781,96.16000366210938,96.16000366210938,1323900
2022-07-20,95.93000030517578,96.80000305175781,94.4000015258789,96.61000061035156,96.61000061035156,1267200
2022-07-21,96.30000305175781,96.69999694824219,93.88999938964844,96.01000213623047,96.01000213623047,1077200
2022-07-22,96.48999786376953,98.48999786376953,93.69999694824219,94.3499984741211,94.3499984741211,854700
2022-07-25,94.37999725341797,95.62000274658203,92.83999633789062,94.62999725341797,94.62999725341797,1195600
2022-07-26,93.22000122070312,93.5199966430664,91.30000305175781,92.20999908447266,92.20999908447266,825400
2022-07-27,93.30000305175781,94.91999816894531,91.80000305175781,94.37000274658203,94.37000274658203,1094000
2022-07-28,94.26000213623047,98.26000213623047,93.58999633789062,97.9800033569336,97.9800033569336,1433400
2022-07-29,98.11000061035156,100.0199966430664,97.5,99.54000091552734,99.54000091552734,1209200
2022-08-01,98.7699966430664,102.58999633789062,98.7699966430664,101.95999908447266,101.95999908447266,1392400
2022-08-02,100.70999908447266,101.33000183105469,98.66000366210938,99.0199966430664,99.0199966430664,1275000
2022-08-03,100.52999877929688,100.9000015258789,98.4800033569336,99.80000305175781,99.80000305175781,1022700
2022-08-04,99.93000030517578,101.86000061035156,99.1500015258789,99.47000122070312,99.47000122070312,737200
2022-08-05,98.5999984741211,100.69999694824219,98.31999969482422,99.16999816894531,99.16999816894531,710800
2022-08-08,99.91999816894531,102.12000274658203,99.66999816894531,99.7699966430664,99.7699966430664,903900
2022-08-09,99.13999938964844,99.25,95.62999725341797,96.97000122070312,96.97000122070312,709800
2022-08-10,99.87999725341797,101.19000244140625,99.23999786376953,100.0199966430664,100.0199966430664,968400
2022-08-11,101.33999633789062,103.26000213623047,101.26000213623047,101.69999694824219,101.69999694824219,936800
2022-08-12,102.11000061035156,102.30000305175781,100.58000183105469,101.58999633789062,101.58999633789062,658200
2022-08-15,101.22000122070312,102.19999694824219,100.4800033569336,101.41999816894531,101.41999816894531,788700
2022-08-16,101.06999969482422,106.23999786376953,101.06999969482422,104.22000122070312,104.22000122070312,1336300
2022-08-17,103.05999755859375,103.05999755859375,98.97000122070312,100.01000213623047,100.01000213623047,1472600
2022-08-18,99.98999786376953,99.98999786376953,97.93000030517578,98.73999786376953,98.73999786376953,808900
2022-08-19,97.55999755859375,98.1500015258789,95.55999755859375,96.2699966430664,96.2699966430664,1016500
2022-08-22,93.97000122070312,94.43000030517578,89.69000244140625,89.86000061035156,89.86000061035156,1387300
2022-08-23,90.11000061035156,91.27999877929688,89.06999969482422,90.33999633789062,90.33999633789062,1125600
2022-08-24,90.63999938964844,92.05000305175781,90.05000305175781,90.91999816894531,90.91999816894531,842600
2022-08-25,91.70999908447266,93.47000122070312,90.83999633789062,93.23999786376953,93.23999786376953,858800
2022-08-26,94.0,94.41999816894531,89.61000061035156,90.0,90.0,935100
2022-08-29,89.0,91.0,88.45999908447266,90.69999694824219,90.69999694824219,1021500
2022-08-30,91.88999938964844,92.0999984741211,89.38999938964844,90.33000183105469,90.33000183105469,1140700
2022-08-31,90.33999633789062,90.7300033569336,88.33999633789062,88.44000244140625,88.44000244140625,1535400
2022-09-01,88.20999908447266,89.22000122070312,86.93000030517578,89.12000274658203,89.12000274658203,1113600
2022-09-02,90.33999633789062,90.55999755859375,87.05000305175781,87.55999755859375,87.55999755859375,1048700
2022-09-06,88.12000274658203,88.12000274658203,84.4000015258789,85.12999725341797,85.12999725341797,1698300
2022-09-07,84.95999908447266,88.69000244140625,84.80000305175781,88.5199966430664,88.5199966430664,1385400
2022-09-08,87.4800033569336,88.95999908447266,86.48999786376953,88.87999725341797,88.87999725341797,858100
2022-09-09,86.62000274658203,91.41999816894531,86.5,91.0,91.0,1961200
2022-09-12,92.43000030517578,93.33999633789062,90.5999984741211,91.08000183105469,91.08000183105469,1007500
2022-09-13,87.5,88.27999877929688,85.12999725341797,85.56999969482422,85.56999969482422,1240900
2022-09-14,85.93000030517578,86.51000213623047,83.30000305175781,85.4000015258789,85.4000015258789,1044400
2022-09-15,86.06999969482422,86.9000015258789,84.48999786376953,84.9800033569336,84.9800033569336,1090200
2022-09-16,84.25,85.54000091552734,83.08000183105469,84.7300033569336,84.7300033569336,1987600
2022-09-19,84.23999786376953,86.33000183105469,83.69999694824219,86.18000030517578,86.18000030517578,1089400
2022-09-20,84.76000213623047,85.08000183105469,80.5,82.19000244140625,82.19000244140625,1693100
2022-09-21,82.6500015258789,84.44000244140625,80.97000122070312,81.05999755859375,81.05999755859375,1272900
2022-09-22,80.55999755859375,81.55999755859375,79.56999969482422,79.7699966430664,79.7699966430664,1412500
2022-09-23,78.33000183105469,79.55999755859375,76.0,79.48999786376953,79.48999786376953,2517300
2022-09-26,79.48999786376953,81.37999725341797,79.08000183105469,79.97000122070312,79.97000122070312,1756000
2022-09-27,81.33999633789062,82.37000274658203,79.83999633789062,81.1500015258789,81.1500015258789,1532200
2022-09-28,82.3499984741211,86.8499984741211,82.12000274658203,86.41999816894531,86.41999816894531,3076900
2022-09-29,73.75,75.98999786376953,64.44000244140625,65.16000366210938,65.16000366210938,17197900
2022-09-30,65.0,67.66000366210938,63.61000061035156,66.0199966430664,66.0199966430664,5557300
2022-10-03,65.38999938964844,69.27999877929688,64.30000305175781,67.73999786376953,67.73999786376953,3580100
2022-10-04,69.16000366210938,70.16999816894531,67.19000244140625,68.44999694824219,68.44999694824219,2480600
2022-10-05,67.26000213623047,67.73999786376953,64.70999908447266,66.70999908447266,66.70999908447266,3143700
2022-10-06,66.88999938964844,67.83000183105469,64.4800033569336,65.38999938964844,65.38999938964844,2104500
2022-10-07,64.18000030517578,64.69000244140625,61.650001525878906,62.310001373291016,62.310001373291016,2247200
2022-10-10,62.400001525878906,65.04000091552734,61.869998931884766,63.599998474121094,63.599998474121094,2605000
2022-10-11,63.599998474121094,64.63999938964844,61.9900016784668,63.040000915527344,63.040000915527344,2310800
2022-10-12,63.18000030517578,63.290000915527344,61.72999954223633,62.11000061035156,62.11000061035156,1712500
2022-10-13,60.619998931884766,63.599998474121094,59.22999954223633,62.38999938964844,62.38999938964844,1978600
2022-10-14,63.0,63.75,60.11000061035156,60.20000076293945,60.20000076293945,1929200
2022-10-17,61.81999969482422,63.08000183105469,60.9900016784668,62.029998779296875,62.029998779296875,2476100
2022-10-18,63.70000076293945,64.97000122070312,59.79999923706055,60.689998626708984,60.689998626708984,5694100
2022-10-19,59.709999084472656,60.029998779296875,56.52000045776367,57.5,57.5,5548200
2022-10-20,57.91999816894531,58.849998474121094,56.43000030517578,56.470001220703125,56.470001220703125,2711900
2022-10-21,56.619998931884766,56.84000015258789,55.02000045776367,55.689998626708984,55.689998626708984,3294800
2022-10-24,55.279998779296875,58.470001220703125,54.849998474121094,58.22999954223633,58.22999954223633,4035200
2022-10-25,58.45000076293945,62.13999938964844,58.45000076293945,61.849998474121094,61.849998474121094,2076900
2022-10-26,61.900001525878906,62.91999816894531,61.0099983215332,61.54999923706055,61.54999923706055,1515700
2022-10-27,61.90999984741211,64.12999725341797,61.630001068115234,62.060001373291016,62.060001373291016,2377200
2022-10-28,61.810001373291016,63.81999969482422,61.349998474121094,63.790000915527344,63.790000915527344,1484200
2022-10-31,63.41999816894531,63.88999938964844,62.470001220703125,63.0099983215332,63.0099983215332,1312600
2022-11-01,64.83999633789062,64.8499984741211,62.06999969482422,64.3499984741211,64.3499984741211,2098900
2022-11-02,64.02999877929688,65.91999816894531,62.31999969482422,62.36000061035156,62.36000061035156,2331800
2022-11-03,61.540000915527344,64.4000015258789,60.7599983215332,63.400001525878906,63.400001525878906,2151900
2022-11-04,64.51000213623047,64.80999755859375,61.119998931884766,62.790000915527344,62.790000915527344,2781800
2022-11-07,63.29999923706055,65.08000183105469,61.31999969482422,64.62999725341797,64.62999725341797,3007800
2022-11-08,65.36000061035156,65.5,63.40999984741211,64.7699966430664,64.7699966430664,1896500
2022-11-09,64.2300033569336,65.01000213623047,62.65999984741211,64.66000366210938,64.66000366210938,3075100
2022-11-10,67.5,71.7300033569336,67.04000091552734,70.6500015258789,70.6500015258789,2868000
2022-11-11,70.58999633789062,75.93000030517578,70.36000061035156,74.58000183105469,74.58000183105469,2294700
2022-11-14,74.27999877929688,75.05000305175781,71.80999755859375,73.97000122070312,73.97000122070312,2608800
2022-11-15,76.19000244140625,76.63999938964844,72.0,72.66000366210938,72.66000366210938,1977600
2022-11-16,70.30000305175781,70.30999755859375,67.63999938964844,68.3499984741211,68.3499984741211,2775800
2022-11-17,67.2300033569336,67.25,64.62999725341797,67.2300033569336,67.2300033569336,2055900
2022-11-18,67.81999969482422,67.94999694824219,65.4000015258789,66.55999755859375,66.55999755859375,1758900
2022-11-21,66.62000274658203,67.1500015258789,65.5,66.20999908447266,66.20999908447266,1189600
2022-11-22,66.48999786376953,67.33999633789062,65.80999755859375,67.13999938964844,67.13999938964844,1430700
2022-11-23,67.18000030517578,67.18000030517578,65.94000244140625,66.58999633789062,66.58999633789062,735100
2022-11-25,66.13999938964844,67.87999725341797,66.13999938964844,66.76000213623047,66.76000213623047,568000
2022-11-28,66.0,66.66000366210938,65.33000183105469,65.55999755859375,65.55999755859375,1633900
2022-11-29,65.94000244140625,68.79000091552734,65.94000244140625,67.12000274658203,67.12000274658203,1724700
2022-11-30,66.6500015258789,69.38999938964844,65.48999786376953,69.36000061035156,69.36000061035156,1840600
2022-12-01,69.81999969482422,70.70999908447266,68.43000030517578,69.0999984741211,69.0999984741211,1262700
2022-12-02,68.08999633789062,69.76000213623047,67.1500015258789,69.58999633789062,69.58999633789062,1307500
2022-12-05,68.83000183105469,69.72000122070312,66.87000274658203,67.38999938964844,67.38999938964844,1425100
2022-12-06,67.33000183105469,67.41000366210938,64.11000061035156,65.58999633789062,65.58999633789062,1782900
2022-12-07,65.16000366210938,66.31999969482422,63.9900016784668,65.0999984741211,65.0999984741211,1572900
2022-12-08,65.33999633789062,65.8499984741211,63.959999084472656,65.4800033569336,65.4800033569336,1268700
2022-12-09,64.75,66.86000061035156,64.44999694824219,65.69999694824219,65.69999694824219,1200300
2022-12-12,65.66999816894531,66.13999938964844,65.0,65.86000061035156,65.86000061035156,1649200
2022-12-13,68.26000213623047,69.31999969482422,65.66999816894531,67.18000030517578,67.18000030517578,2178200
2022-12-14,66.66999816894531,68.08000183105469,65.26000213623047,67.70999908447266,67.70999908447266,2733100
2022-12-15,66.72000122070312,66.83999633789062,64.43000030517578,65.38999938964844,65.38999938964844,2611600
2022-12-16,64.30000305175781,64.83999633789062,60.650001525878906,61.439998626708984,61.439998626708984,7556500
2022-12-19,61.0,61.900001525878906,57.630001068115234,58.09000015258789,58.09000015258789,4305700
2022-12-20,57.31999969482422,58.58000183105469,56.27000045776367,57.7599983215332,57.7599983215332,4290900
2022-12-21,58.540000915527344,60.02000045776367,57.58000183105469,59.369998931884766,59.369998931884766,4610700
2022-12-22,52.099998474121094,57.279998779296875,52.099998474121094,57.20000076293945,57.20000076293945,16492900
2022-12-23,56.56999969482422,60.630001068115234,56.2599983215332,60.15999984741211,60.15999984741211,6668100
2022-12-27,59.810001373291016,61.11000061035156,58.220001220703125,60.41999816894531,60.41999816894531,4434500
2022-12-28,60.43000030517578,61.029998779296875,58.77000045776367,59.2400016784668,59.2400016784668,3137300
2022-12-29,59.88999938964844,61.91999816894531,59.52000045776367,61.2599983215332,61.2599983215332,2410800
2022-12-30,60.400001525878906,61.16999816894531,59.61000061035156,60.88999938964844,60.88999938964844,2141000
2023-01-03,61.70000076293945,63.25,59.65999984741211,60.63999938964844,60.63999938964844,2448500
2023-01-04,62.0,65.13999938964844,61.709999084472656,65.12000274658203,65.12000274658203,3238200
2023-01-05,63.79999923706055,64.0999984741211,62.810001373291016,63.34000015258789,63.34000015258789,2967300
2023-01-06,63.66999816894531,65.81999969482422,62.59000015258789,65.77999877929688,65.77999877929688,2428300
2023-01-09,66.22000122070312,68.06999969482422,66.01000213623047,67.06999969482422,67.06999969482422,2666600
2023-01-10,67.18000030517578,67.94999694824219,66.22000122070312,67.38999938964844,67.38999938964844,1974600
2023-01-11,66.0,68.66999816894531,66.0,67.43000030517578,67.43000030517578,3430500
2023-01-12,68.05999755859375,68.2699966430664,65.52999877929688,66.87999725341797,66.87999725341797,2957400
2023-01-13,65.37000274658203,66.66999816894531,64.86000061035156,65.0,65.0,2912900
2023-01-17,64.20999908447266,70.94999694824219,63.34000015258789,67.44000244140625,67.44000244140625,7422400
2023-01-18,67.45999908447266,68.77999877929688,63.349998474121094,63.40999984741211,63.40999984741211,2497400
2023-01-19,62.33000183105469,63.02000045776367,60.90999984741211,62.189998626708984,62.189998626708984,2559200
2023-01-20,62.619998931884766,66.0999984741211,62.02000045776367,66.08000183105469,66.08000183105469,2469000
2023-01-23,66.5199966430664,67.94999694824219,65.94000244140625,67.33000183105469,67.33000183105469,2038200
2023-01-24,66.87000274658203,68.04000091552734,66.48999786376953,66.72000122070312,66.72000122070312,1174600
2023-01-25,65.62999725341797,66.54000091552734,64.83999633789062,66.30999755859375,66.30999755859375,2605800
2023-01-26,67.26000213623047,67.55999755859375,65.02999877929688,66.26000213623047,66.26000213623047,1665600
2023-01-27,66.22000122070312,69.62000274658203,66.0999984741211,69.0999984741211,69.0999984741211,2275100
2023-01-30,68.69000244140625,71.58999633789062,67.87999725341797,69.04000091552734,69.04000091552734,3186100
2023-01-31,69.2300033569336,70.45999908447266,68.4000015258789,70.44999694824219,70.44999694824219,1960800
2023-02-01,70.19000244140625,76.3499984741211,70.19000244140625,75.83999633789062,75.83999633789062,3678300
2023-02-02,77.06999969482422,80.91999816894531,77.06999969482422,79.31999969482422,79.31999969482422,4546100
2023-02-03,77.69999694824219,79.98999786376953,77.47000122070312,78.19000244140625,78.19000244140625,1913100
2023-02-06,77.33999633789062,78.02999877929688,76.2300033569336,77.86000061035156,77.86000061035156,1164200
2023-02-07,77.0,77.11000061035156,75.05000305175781,76.16000366210938,76.16000366210938,1904600
2023-02-08,75.7300033569336,77.44999694824219,75.37000274658203,76.22000122070312,76.22000122070312,1323000
2023-02-09,77.16999816894531,77.5199966430664,73.72000122070312,74.4800033569336,74.4800033569336,1730400
2023-02-10,73.88999938964844,74.83999633789062,73.26000213623047,73.56999969482422,73.56999969482422,1510700
2023-02-13,73.41999816894531,75.25,73.0,75.0999984741211,75.0999984741211,1215700
2023-02-14,74.52999877929688,76.41999816894531,73.66999816894531,75.91000366210938,75.91000366210938,1306700
2023-02-15,74.44000244140625,75.69000244140625,72.58999633789062,75.55000305175781,75.55000305175781,1458600
2023-02-16,73.69999694824219,75.31999969482422,73.08000183105469,74.31999969482422,74.31999969482422,932200
2023-02-17,74.30999755859375,75.0999984741211,71.94000244140625,72.94999694824219,72.94999694824219,1791300
2023-02-21,72.0,72.04000091552734,67.5999984741211,68.58999633789062,68.58999633789062,2140300
2023-02-22,69.02999877929688,70.13999938964844,68.0999984741211,69.48999786376953,69.48999786376953,1603500
2023-02-23,70.0,70.0999984741211,67.55999755859375,69.11000061035156,69.11000061035156,1337900
2023-02-24,67.5,68.4800033569336,66.91000366210938,67.86000061035156,67.86000061035156,1466100
2023-02-27,69.01000213623047,69.23999786376953,66.93000030517578,67.12999725341797,67.12999725341797,1292100
2023-02-28,67.4000015258789,70.0,67.4000015258789,69.04000091552734,69.04000091552734,2109900
2023-03-01,68.36000061035156,69.3499984741211,67.80999755859375,68.76000213623047,68.76000213623047,1457500
2023-03-02,67.93000030517578,68.38999938964844,67.08000183105469,67.86000061035156,67.86000061035156,1628100
2023-03-03,68.43000030517578,70.43000030517578,68.18000030517578,70.3499984741211,70.3499984741211,1293000
2023-03-06,70.79000091552734,70.98999786376953,68.4800033569336,68.7699966430664,68.7699966430664,1118700
2023-03-07,68.75,70.1500015258789,68.47000122070312,68.80000305175781,68.80000305175781,1306300
2023-03-08,68.98999786376953,71.08999633789062,68.73999786376953,70.4800033569336,70.4800033569336,1396400
2023-03-09,70.22000122070312,71.12999725341797,66.2699966430664,66.37000274658203,66.37000274658203,1970900
2023-03-10,65.0199966430664,65.66000366210938,62.7599983215332,63.72999954223633,63.72999954223633,3444800
2023-03-13,61.70000076293945,62.75,59.31999969482422,61.209999084472656,61.209999084472656,4770700
2023-03-14,63.0099983215332,63.13999938964844,59.560001373291016,60.33000183105469,60.33000183105469,2732900
2023-03-15,58.939998626708984,59.459999084472656,57.66999816894531,59.130001068115234,59.130001068115234,3883900
2023-03-16,58.11000061035156,59.130001068115234,57.099998474121094,58.47999954223633,58.47999954223633,4364500
2023-03-17,58.18000030517578,58.33000183105469,55.95000076293945,56.2599983215332,56.2599983215332,4570000
2023-03-20,56.5,58.290000915527344,56.2599983215332,56.7599983215332,56.7599983215332,2988300
2023-03-21,58.0099983215332,60.599998474121094,58.0099983215332,59.119998931884766,59.119998931884766,2962900
2023-03-22,59.970001220703125,60.40999984741211,57.41999816894531,57.459999084472656,57.459999084472656,1664400
2023-03-23,57.880001068115234,58.310001373291016,55.77000045776367,56.72999954223633,56.72999954223633,1888200
2023-03-24,56.189998626708984,58.0099983215332,55.880001068115234,57.779998779296875,57.779998779296875,3122600
2023-03-27,58.619998931884766,58.97999954223633,57.5,58.27000045776367,58.27000045776367,2544300
2023-03-28,58.15999984741211,59.400001525878906,57.90999984741211,58.27000045776367,58.27000045776367,1328900
2023-03-29,58.93000030517578,59.720001220703125,58.220001220703125,59.529998779296875,59.529998779296875,1318400
2023-03-30,60.79999923706055,61.90999984741211,60.58000183105469,61.099998474121094,61.099998474121094,1911600
2023-03-31,61.33000183105469,64.43000030517578,61.13999938964844,64.27999877929688,64.27999877929688,2080400
2023-04-03,64.58000183105469,65.23999786376953,63.95000076293945,64.58000183105469,64.58000183105469,1797500
2023-04-04,64.91999816894531,65.0,62.84000015258789,63.5,63.5,2024200
2023-04-05,62.970001220703125,63.369998931884766,61.150001525878906,62.439998626708984,62.439998626708984,1871800
2023-04-06,62.5099983215332,64.61000061035156,61.970001220703125,64.33000183105469,64.33000183105469,1671100
2023-04-10,63.79999923706055,66.11000061035156,63.560001373291016,65.86000061035156,65.86000061035156,3867700
2023-04-11,69.6500015258789,73.56999969482422,69.12000274658203,72.20999908447266,72.20999908447266,12741100
2023-04-12,73.0,73.05999755859375,67.26000213623047,68.58000183105469,68.58000183105469,5388500
2023-04-13,69.66999816894531,70.27999877929688,67.12999725341797,69.01000213623047,69.01000213623047,3072000
2023-04-14,69.5999984741211,71.5,68.48999786376953,69.45999908447266,69.45999908447266,2795800
2023-04-17,69.23999786376953,69.80000305175781,68.45999908447266,69.5999984741211,69.5999984741211,1613800
2023-04-18,69.37000274658203,69.94000244140625,68.66999816894531,69.06999969482422,69.06999969482422,1506000
2023-04-19,67.95999908447266,68.33000183105469,67.20999908447266,68.12000274658203,68.12000274658203,1836800
2023-04-20,67.1500015258789,68.01000213623047,66.25,67.44999694824219,67.44999694824219,1913700
2023-04-21,67.72000122070312,69.26000213623047,66.6500015258789,69.16000366210938,69.16000366210938,1514300
2023-04-24,68.75,69.41999816894531,68.48999786376953,68.87999725341797,68.87999725341797,1136500
2023-04-25,68.43000030517578,68.80000305175781,67.3499984741211,67.36000061035156,67.36000061035156,1397200
2023-04-26,68.13999938964844,69.4800033569336,67.72000122070312,67.91999816894531,67.91999816894531,1912700
2023-04-27,68.05999755859375,70.43000030517578,67.83999633789062,70.4000015258789,70.4000015258789,1457700
2023-04-28,70.23999786376953,70.72000122070312,69.61000061035156,70.02999877929688,70.02999877929688,1308800
2023-05-01,70.08999633789062,70.94000244140625,69.66000366210938,70.4800033569336,70.4800033569336,1436300
2023-05-02,70.23999786376953,71.91999816894531,69.4800033569336,71.33000183105469,71.33000183105469,2274500
2023-05-03,71.30999755859375,72.87999725341797,70.61000061035156,70.66999816894531,70.66999816894531,1727600
2023-05-04,70.2699966430664,70.58000183105469,67.13999938964844,68.06999969482422,68.06999969482422,1960600
2023-05-05,69.25,71.30999755859375,68.98999786376953,70.61000061035156,70.61000061035156,1422200
2023-05-08,71.16000366210938,73.0199966430664,70.45999908447266,72.75,72.75,1709600
2023-05-09,71.80000305175781,72.97000122070312,71.37000274658203,72.52999877929688,72.52999877929688,1497900
2023-05-10,73.63999938964844,74.1500015258789,72.13999938964844,73.41000366210938,73.41000366210938,1666800
2023-05-11,73.25,73.55000305175781,71.11000061035156,72.2699966430664,72.2699966430664,995800
2023-05-12,73.0,73.25,70.25,71.16000366210938,71.16000366210938,919200
2023-05-15,71.06999969482422,71.94000244140625,70.26000213623047,71.69999694824219,71.69999694824219,1324800
2023-05-16,71.58999633789062,71.58999633789062,68.97000122070312,69.05999755859375,69.05999755859375,1276900
2023-05-17,69.55000305175781,72.44000244140625,69.30000305175781,71.94999694824219,71.94999694824219,1383500
2023-05-18,71.41000366210938,73.26000213623047,71.05999755859375,73.12999725341797,73.12999725341797,944200
2023-05-19,73.05999755859375,73.05999755859375,70.75,71.75,71.75,1183500
2023-05-22,71.91999816894531,72.43000030517578,71.25,72.20999908447266,72.20999908447266,949700
2023-05-23,71.80999755859375,73.83000183105469,71.55000305175781,71.9800033569336,71.9800033569336,1664000
2023-05-24,71.3499984741211,71.73999786376953,69.0999984741211,70.1500015258789,70.1500015258789,1344700
2023-05-25,70.12999725341797,71.62999725341797,70.0,71.0199966430664,71.0199966430664,937900
2023-05-26,71.23999786376953,72.86000061035156,70.80000305175781,72.4800033569336,72.4800033569336,935100
2023-05-30,73.16000366210938,74.4800033569336,72.63999938964844,73.95999908447266,73.95999908447266,1206300
2023-05-31,72.19999694824219,73.0199966430664,70.63999938964844,72.20999908447266,72.20999908447266,1721800
2023-06-01,72.48999786376953,72.56999969482422,71.13999938964844,71.80999755859375,71.80999755859375,1374500
2023-06-02,72.81999969482422,74.8499984741211,72.45999908447266,74.66000366210938,74.66000366210938,2017000
2023-06-05,74.66000366210938,75.72000122070312,73.5,75.26000213623047,75.26000213623047,1262500
2023-06-06,74.93000030517578,79.4000015258789,74.93000030517578,79.08000183105469,79.08000183105469,2781700
2023-06-07,80.0,81.12999725341797,78.72000122070312,79.12999725341797,79.12999725341797,2772400
2023-06-08,80.05000305175781,80.4800033569336,78.58000183105469,79.88999938964844,79.88999938964844,1379000
2023-06-09,80.37000274658203,80.70999908447266,78.30999755859375,78.80999755859375,78.80999755859375,1172200
2023-06-12,78.41000366210938,80.05000305175781,77.66999816894531,79.52999877929688,79.52999877929688,1327700
2023-06-13,80.19999694824219,81.22000122070312,80.13999938964844,80.61000061035156,80.61000061035156,1281200
2023-06-14,80.80000305175781,81.75,79.0999984741211,79.69999694824219,79.69999694824219,1325200
2023-06-15,78.70999908447266,81.13999938964844,78.62000274658203,80.8499984741211,80.8499984741211,1078700
2023-06-16,81.16000366210938,81.36000061035156,79.25,79.62999725341797,79.62999725341797,2315900
2023-06-20,79.31999969482422,80.16000366210938,78.37000274658203,78.58999633789062,78.58999633789062,1622800
2023-06-21,78.38999938964844,79.05999755859375,77.2699966430664,78.30000305175781,78.30000305175781,1706300
2023-06-22,77.97000122070312,78.68000030517578,77.02999877929688,78.31999969482422,78.31999969482422,2525800
2023-06-23,84.20999908447266,87.05999755859375,83.5,86.20999908447266,86.20999908447266,14440900
2023-06-26,86.41000366210938,86.5199966430664,80.95999908447266,81.25,81.25,4005500
2023-06-27,81.72000122070312,82.73999786376953,80.62000274658203,82.41999816894531,82.41999816894531,2283500
2023-06-28,82.41999816894531,85.08999633789062,82.11000061035156,84.37000274658203,84.37000274658203,4015300
2023-06-29,84.33000183105469,85.20999908447266,83.87000274658203,84.33999633789062,84.33999633789062,1731400
2023-06-30,85.30000305175781,85.66999816894531,83.33999633789062,83.69999694824219,83.69999694824219,1970000
2023-07-03,83.08999633789062,84.0,81.94000244140625,82.16000366210938,82.16000366210938,934100
2023-07-05,82.16999816894531,82.72000122070312,81.5,82.23999786376953,82.23999786376953,1415100
2023-07-06,81.33000183105469,81.66000366210938,80.37000274658203,81.02999877929688,81.02999877929688,1616500
2023-07-07,80.94999694824219,82.37000274658203,80.8499984741211,81.38999938964844,81.38999938964844,1570200
2023-07-10,81.08999633789062,83.26000213623047,81.0,82.6500015258789,82.6500015258789,1518100
2023-07-11,83.37000274658203,85.43000030517578,83.26000213623047,84.31999969482422,84.31999969482422,1551700
2023-07-12,85.08999633789062,85.4000015258789,83.69000244140625,84.19999694824219,84.19999694824219,1139900
2023-07-13,84.05000305175781,84.69000244140625,83.23999786376953,83.41999816894531,83.41999816894531,1182600
2023-07-14,84.2300033569336,84.94999694824219,83.01000213623047,83.4000015258789,83.4000015258789,898800
2023-07-17,83.22000122070312,84.5,82.73999786376953,83.69000244140625,83.69000244140625,1126500
2023-07-18,83.44999694824219,86.55999755859375,83.25,85.80999755859375,85.80999755859375,1452200
2023-07-19,87.5,87.5,85.01000213623047,85.13999938964844,85.13999938964844,1273100
2023-07-20,85.01000213623047,85.37000274658203,83.51000213623047,84.95999908447266,84.95999908447266,1129200
2023-07-21,85.5,85.5,81.5,83.27999877929688,83.27999877929688,1931000
2023-07-24,83.43000030517578,84.43000030517578,82.66000366210938,83.79000091552734,83.79000091552734,1236100
2023-07-25,83.37000274658203,83.83000183105469,81.27999877929688,81.80000305175781,81.80000305175781,1371500
2023-07-26,82.16999816894531,83.38999938964844,81.3499984741211,83.01000213623047,83.01000213623047,908900
2023-07-27,83.55999755859375,84.30000305175781,81.8499984741211,82.05999755859375,82.05999755859375,901500
2023-07-28,83.18000030517578,83.19999694824219,81.58000183105469,82.5199966430664,82.5199966430664,894700
2023-07-31,82.54000091552734,82.9000015258789,81.69000244140625,82.61000061035156,82.61000061035156,1232600
2023-08-01,81.83999633789062,84.19999694824219,81.83999633789062,84.08000183105469,84.08000183105469,995700
2023-08-02,83.36000061035156,83.4000015258789,82.4800033569336,83.23999786376953,83.23999786376953,1287300
2023-08-03,82.9800033569336,83.61000061035156,81.91000366210938,82.58999633789062,82.58999633789062,648900
2023-08-04,82.86000061035156,84.4000015258789,82.4000015258789,83.29000091552734,83.29000091552734,1097600
2023-08-07,83.43000030517578,84.80000305175781,82.58999633789062,84.75,84.75,764600
2023-08-08,83.38999938964844,86.0999984741211,83.01000213623047,85.83000183105469,85.83000183105469,885100
2023-08-09,85.83000183105469,86.55999755859375,84.61000061035156,84.87999725341797,84.87999725341797,1326600
2023-08-10,84.86000061035156,85.31999969482422,82.73999786376953,83.18000030517578,83.18000030517578,1663900
2023-08-11,82.8499984741211,85.51000213623047,81.98999786376953,85.19000244140625,85.19000244140625,1388300
2023-08-14,84.56999969482422,85.5,83.63999938964844,85.44000244140625,85.44000244140625,692900
2023-08-15,85.12000274658203,85.44000244140625,84.6500015258789,85.19000244140625,85.19000244140625,955500
2023-08-16,85.0,85.79000091552734,84.4800033569336,84.81999969482422,84.81999969482422,1214100
2023-08-17,85.41999816894531,85.77999877929688,81.63999938964844,81.6500015258789,81.6500015258789,1200500
2023-08-18,80.80000305175781,82.55999755859375,78.70999908447266,82.48999786376953,82.48999786376953,1648000
2023-08-21,82.38999938964844,82.66999816894531,79.3499984741211,80.9000015258789,80.9000015258789,1568900
2023-08-22,80.9000015258789,80.9000015258789,78.69999694824219,79.13999938964844,79.13999938964844,1469100
2023-08-23,78.76000213623047,79.47000122070312,78.01000213623047,79.22000122070312,79.22000122070312,1253300
2023-08-24,78.87999725341797,79.11000061035156,77.44000244140625,78.33000183105469,78.33000183105469,1642300
2023-08-25,78.62000274658203,79.4800033569336,77.51000213623047,78.41999816894531,78.41999816894531,1059600
2023-08-28,78.83000183105469,80.25,78.63999938964844,79.94999694824219,79.94999694824219,836600
2023-08-29,80.02999877929688,81.69000244140625,79.58000183105469,81.45999908447266,81.45999908447266,944400
2023-08-30,81.36000061035156,83.9800033569336,81.33000183105469,82.25,82.25,2054100
2023-08-31,82.31999969482422,82.56999969482422,81.33000183105469,81.68000030517578,81.68000030517578,968800
2023-09-01,82.72000122070312,83.68000030517578,82.37999725341797,83.58000183105469,83.58000183105469,1113600
2023-09-05,82.97000122070312,83.66000366210938,81.83000183105469,82.3499984741211,82.3499984741211,1179500
2023-09-06,81.97000122070312,82.69999694824219,80.8499984741211,81.55999755859375,81.55999755859375,1186200
2023-09-07,81.37000274658203,81.9000015258789,80.69000244140625,81.58999633789062,81.58999633789062,1693600
2023-09-08,81.37999725341797,82.41000366210938,80.94999694824219,81.18000030517578,81.18000030517578,967100
2023-09-11,81.86000061035156,82.77999877929688,80.8499984741211,81.13999938964844,81.13999938964844,980300
2023-09-12,80.22000122070312,82.18000030517578,80.08999633789062,81.55999755859375,81.55999755859375,691500
2023-09-13,81.56999969482422,81.75,80.36000061035156,80.54000091552734,80.54000091552734,668000
2023-09-14,81.05999755859375,83.91000366210938,80.97000122070312,83.8499984741211,83.8499984741211,1825500
2023-09-15,84.04000091552734,84.55999755859375,82.41000366210938,83.23999786376953,83.23999786376953,1983400
2023-09-18,83.01000213623047,83.58999633789062,81.98999786376953,82.41000366210938,82.41000366210938,936900
2023-09-19,82.12000274658203,82.12000274658203,80.2699966430664,82.04000091552734,82.04000091552734,1509000
2023-09-20,82.05000305175781,83.23999786376953,81.31999969482422,81.41999816894531,81.41999816894531,928500
2023-09-21,80.72000122070312,81.12000274658203,78.87000274658203,78.9000015258789,78.9000015258789,1452500
2023-09-22,79.12999725341797,79.5,76.43000030517578,76.66000366210938,76.66000366210938,1903300
2023-09-25,79.31999969482422,79.31999969482422,77.51000213623047,77.7699966430664,77.7699966430664,2805200
2023-09-26,77.08000183105469,78.69999694824219,76.7300033569336,78.25,78.25,2295000
2023-09-27,78.5199966430664,80.12999725341797,77.98999786376953,79.69000244140625,79.69000244140625,3992400
2023-09-28,70.38999938964844,73.31999969482422,68.9000015258789,69.01000213623047,69.01000213623047,13882000
2023-09-29,69.62000274658203,72.44000244140625,68.7300033569336,70.7300033569336,70.7300033569336,5053200
2023-10-02,70.55000305175781,71.5199966430664,69.5199966430664,69.73999786376953,69.73999786376953,2793500
2023-10-03,69.22000122070312,69.88999938964844,68.69999694824219,68.98999786376953,68.98999786376953,3447700
2023-10-04,68.7300033569336,69.23999786376953,67.94999694824219,68.19000244140625,68.19000244140625,3023600
2023-10-05,67.9000015258789,68.04000091552734,64.95999908447266,66.0999984741211,66.0999984741211,3394700
2023-10-06,65.77999877929688,67.12999725341797,64.37999725341797,66.20999908447266,66.20999908447266,2434400
2023-10-09,65.31999969482422,67.70999908447266,65.0,67.68000030517578,67.68000030517578,1490400
2023-10-10,67.41999816894531,70.38999938964844,67.41999816894531,70.04000091552734,70.04000091552734,2537000
2023-10-11,70.41000366210938,70.5999984741211,68.01000213623047,69.0999984741211,69.0999984741211,2129300
2023-10-12,68.77999877929688,68.9800033569336,67.0999984741211,68.3499984741211,68.3499984741211,1900800
2023-10-13,68.36000061035156,68.95999908447266,67.47000122070312,68.2300033569336,68.2300033569336,1532400
2023-10-16,68.48999786376953,68.95999908447266,67.25,68.2699966430664,68.2699966430664,2044800
2023-10-17,67.69999694824219,69.0999984741211,67.5199966430664,68.47000122070312,68.47000122070312,1663600
2023-10-18,67.62999725341797,67.72000122070312,64.83000183105469,64.86000061035156,64.86000061035156,3717100
2023-10-19,64.9000015258789,65.25,63.189998626708984,63.41999816894531,63.41999816894531,2454200
2023-10-20,63.72999954223633,64.05999755859375,62.790000915527344,62.84000015258789,62.84000015258789,1996700
2023-10-23,62.33000183105469,63.7400016784668,61.72999954223633,61.880001068115234,61.880001068115234,1995700
2023-10-24,62.119998931884766,63.029998779296875,61.84000015258789,62.0,62.0,1839300
2023-10-25,61.439998626708984,61.540000915527344,59.72999954223633,60.529998779296875,60.529998779296875,2072200
2023-10-26,60.349998474121094,61.0,59.86000061035156,60.38999938964844,60.38999938964844,1812500
2023-10-27,61.09000015258789,61.650001525878906,59.849998474121094,60.5099983215332,60.5099983215332,1676200
2023-10-30,61.0,61.470001220703125,59.65999984741211,60.66999816894531,60.66999816894531,1703500
2023-10-31,61.11000061035156,61.939998626708984,60.70000076293945,61.09000015258789,61.09000015258789,1443800
2023-11-01,61.04999923706055,61.529998779296875,59.77000045776367,61.4900016784668,61.4900016784668,1479500
2023-11-02,62.45000076293945,63.90999984741211,62.45000076293945,63.63999938964844,63.63999938964844,1776300
2023-11-03,64.76000213623047,67.51000213623047,64.62000274658203,66.97000122070312,66.97000122070312,2759300
2023-11-06,66.47000122070312,66.62000274658203,64.97000122070312,66.05000305175781,66.05000305175781,1741300
2023-11-07,65.87000274658203,65.87000274658203,63.439998626708984,64.33000183105469,64.33000183105469,2258500
2023-11-08,64.19999694824219,64.54000091552734,63.41999816894531,64.08000183105469,64.08000183105469,1049800
2023-11-09,64.5,64.5199966430664,62.31999969482422,62.5099983215332,62.5099983215332,1357000
2023-11-10,63.099998474121094,63.41999816894531,61.72999954223633,63.369998931884766,63.369998931884766,1608900
2023-11-13,62.45000076293945,63.97999954223633,62.45000076293945,63.59000015258789,63.59000015258789,1116500
2023-11-14,65.93000030517578,68.66999816894531,65.5199966430664,68.2300033569336,68.2300033569336,2381500
2023-11-15,68.3499984741211,69.0,67.43000030517578,67.93000030517578,67.93000030517578,1658200
2023-11-16,66.79000091552734,67.25,62.7599983215332,64.1500015258789,64.1500015258789,3338800
2023-11-17,65.16999816894531,65.58999633789062,63.290000915527344,63.970001220703125,63.970001220703125,2195900
2023-11-20,63.72999954223633,65.61000061035156,63.25,65.04000091552734,65.04000091552734,1639200
2023-11-21,64.18000030517578,64.52999877929688,63.45000076293945,64.22000122070312,64.22000122070312,1820700
2023-11-22,64.54000091552734,64.91000366210938,63.31999969482422,63.86000061035156,63.86000061035156,1583100
2023-11-24,64.0,64.33000183105469,63.349998474121094,64.16000366210938,64.16000366210938,490700
2023-11-27,63.77000045776367,64.44000244140625,63.33000183105469,63.900001525878906,63.900001525878906,1243800
2023-11-28,63.959999084472656,63.97999954223633,62.90999984741211,63.68000030517578,63.68000030517578,1412900
2023-11-29,63.68000030517578,65.05999755859375,62.97999954223633,63.15999984741211,63.15999984741211,2003900
2023-11-30,63.93000030517578,64.41000366210938,62.900001525878906,63.939998626708984,63.939998626708984,2031900
2023-12-01,63.75,67.5,63.2599983215332,67.38999938964844,67.38999938964844,2389500
2023-12-04,67.26000213623047,68.7300033569336,67.0,68.27999877929688,68.27999877929688,1609000
2023-12-05,66.19000244140625,66.80000305175781,64.72000122070312,65.30999755859375,65.30999755859375,2113100
2023-12-06,66.54000091552734,67.87000274658203,65.4800033569336,65.93000030517578,65.93000030517578,1532700
2023-12-07,66.2300033569336,67.05999755859375,65.8499984741211,66.87999725341797,66.87999725341797,1552400
2023-12-08,66.91999816894531,68.02999877929688,66.80999755859375,67.22000122070312,67.22000122070312,1641900
2023-12-11,67.23999786376953,68.0,66.45999908447266,67.0199966430664,67.0199966430664,1115600
2023-12-12,66.54000091552734,66.77999877929688,65.37999725341797,65.95999908447266,65.95999908447266,1311700
2023-12-13,65.97000122070312,71.44999694824219,65.93000030517578,71.05000305175781,71.05000305175781,2991900
2023-12-14,72.47000122070312,76.37999725341797,72.47000122070312,75.0,75.0,4292600
2023-12-15,75.16000366210938,76.66000366210938,74.27999877929688,74.73999786376953,74.73999786376953,3902200
2023-12-18,74.95999908447266,76.01000213623047,74.20999908447266,75.38999938964844,75.38999938964844,2705300
2023-12-19,75.19999694824219,77.43000030517578,75.01000213623047,76.63999938964844,76.63999938964844,3400500
2023-12-20,75.94000244140625,77.16999816894531,74.61000061035156,74.68000030517578,74.68000030517578,3818500
2023-12-21,84.19999694824219,84.19999694824219,77.2300033569336,78.55000305175781,78.55000305175781,7568000
2023-12-22,77.94000244140625,78.93000030517578,76.08999633789062,76.5199966430664,76.5199966430664,2308500
2023-12-26,76.41000366210938,76.47000122070312,74.31999969482422,76.18000030517578,76.18000030517578,2240700
2023-12-27,76.37999725341797,78.29000091552734,75.9800033569336,78.0,78.0,2110100
2023-12-28,77.41999816894531,78.0199966430664,76.7699966430664,77.83999633789062,77.83999633789062,1057200
2023-12-29,76.7300033569336,77.5199966430664,76.47000122070312,76.73999786376953,76.73999786376953,1408800
2024-01-02,76.55000305175781,77.62999725341797,75.41000366210938,76.19999694824219,76.19999694824219,2176300
2024-01-03,74.52999877929688,75.27999877929688,72.16000366210938,72.52999877929688,72.52999877929688,2473300
2024-01-04,72.13999938964844,72.86000061035156,71.5,71.83000183105469,71.83000183105469,1653400
2024-01-05,71.41999816894531,74.08999633789062,71.18000030517578,73.0,73.0,1536000
2024-01-08,72.81999969482422,73.88999938964844,72.18000030517578,73.01000213623047,73.01000213623047,1469600
2024-01-09,72.2300033569336,72.77999877929688,71.63999938964844,72.52999877929688,72.52999877929688,1462800
2024-01-10,72.58000183105469,72.87999725341797,71.20999908447266,72.58000183105469,72.58000183105469,1742700
2024-01-11,72.48999786376953,72.48999786376953,70.61000061035156,71.87999725341797,71.87999725341797,4046300
2024-01-12,72.2300033569336,72.76000213623047,69.16000366210938,69.58999633789062,69.58999633789062,2116500
2024-01-16,68.87000274658203,69.94000244140625,68.22000122070312,69.62000274658203,69.62000274658203,1762800
2024-01-17,68.26000213623047,69.25,66.86000061035156,67.83999633789062,67.83999633789062,2488600
2024-01-18,68.01000213623047,68.91000366210938,67.88999938964844,68.55999755859375,68.55999755859375,2159400
2024-01-19,68.63999938964844,70.16000366210938,67.0999984741211,69.1500015258789,69.1500015258789,1876600
2024-01-22,69.87000274658203,71.13999938964844,69.61000061035156,70.16000366210938,70.16000366210938,1379900
2024-01-23,70.98999786376953,71.66999816894531,68.68000030517578,69.22000122070312,69.22000122070312,1457500
2024-01-24,70.12999725341797,70.25,67.23999786376953,67.44999694824219,67.44999694824219,1647700
2024-01-25,68.51000213623047,69.19999694824219,67.5,69.08000183105469,69.08000183105469,1649400
2024-01-26,69.41999816894531,70.61000061035156,69.4000015258789,70.11000061035156,70.11000061035156,1859200
2024-01-29,69.91999816894531,73.06999969482422,69.56999969482422,72.94999694824219,72.94999694824219,2239400
2024-01-30,72.3499984741211,73.75,72.2699966430664,72.75,72.75,1930700
2024-01-31,71.97000122070312,73.97000122070312,71.04000091552734,71.18000030517578,71.18000030517578,2047500
2024-02-01,71.61000061035156,72.83999633789062,70.38999938964844,72.83999633789062,72.83999633789062,1961000
2024-02-02,71.43000030517578,73.98999786376953,70.1500015258789,72.79000091552734,72.79000091552734,1833900
2024-02-05,71.31999969482422,71.83000183105469,69.93000030517578,70.98999786376953,70.98999786376953,1661700
2024-02-06,70.97000122070312,72.30000305175781,70.58000183105469,71.83000183105469,71.83000183105469,2046200
2024-02-07,72.47000122070312,73.19000244140625,71.77999877929688,72.30000305175781,72.30000305175781,1979900
2024-02-08,72.01000213623047,73.38999938964844,71.9000015258789,73.30000305175781,73.30000305175781,1491000
2024-02-09,73.55999755859375,74.86000061035156,72.9000015258789,74.79000091552734,74.79000091552734,1821200
2024-02-12,75.13999938964844,77.47000122070312,75.08000183105469,76.94999694824219,76.94999694824219,1659000
2024-02-13,73.5199966430664,74.26000213623047,71.87000274658203,72.54000091552734,72.54000091552734,2504800
2024-02-14,72.95999908447266,73.4000015258789,71.66000366210938,72.76000213623047,72.76000213623047,1418300
2024-02-15,73.2699966430664,74.63999938964844,73.13999938964844,74.33000183105469,74.33000183105469,1113100
2024-02-16,72.41000366210938,73.12999725341797,71.33000183105469,71.87999725341797,71.87999725341797,1255200
2024-02-20,70.62999725341797,71.55999755859375,70.12000274658203,70.66000366210938,70.66000366210938,1131500
2024-02-21,70.16000366210938,71.19000244140625,69.61000061035156,70.62000274658203,70.62000274658203,886800
2024-02-22,73.63999938964844,73.6500015258789,71.08999633789062,72.88999938964844,72.88999938964844,1967100
2024-02-23,73.20999908447266,74.77999877929688,73.19000244140625,73.33000183105469,73.33000183105469,1464400
2024-02-26,73.01000213623047,75.11000061035156,73.01000213623047,73.95999908447266,73.95999908447266,1227500
2024-02-27,74.63999938964844,77.0,74.16000366210938,76.66000366210938,76.66000366210938,1435700
2024-02-28,76.06999969482422,76.80999755859375,75.4800033569336,76.70999908447266,76.70999908447266,1171600
2024-02-29,77.55999755859375,79.1500015258789,77.20999908447266,79.0,79.0,2193400
2024-03-01,78.66000366210938,79.56999969482422,76.91999816894531,79.30000305175781,79.30000305175781,1300600
2024-03-04,78.87000274658203,80.27999877929688,78.76000213623047,79.58000183105469,79.58000183105469,1053000
2024-03-05,79.19000244140625,80.62000274658203,78.61000061035156,80.12000274658203,80.12000274658203,1207500
2024-03-06,81.5,81.66000366210938,79.9000015258789,80.58000183105469,80.58000183105469,1993900
2024-03-07,80.87000274658203,81.62000274658203,79.88999938964844,80.66000366210938,80.66000366210938,1171900
2024-03-08,81.5,83.12000274658203,81.05999755859375,81.7699966430664,81.7699966430664,1545700
2024-03-11,81.3499984741211,82.02999877929688,80.41999816894531,81.12999725341797,81.12999725341797,1291600
2024-03-12,81.0,82.56999969482422,80.5999984741211,82.01000213623047,82.01000213623047,1277700
2024-03-13,81.80999755859375,83.38999938964844,81.80999755859375,83.22000122070312,83.22000122070312,1232300
2024-03-14,82.94999694824219,83.05000305175781,80.18000030517578,80.94000244140625,80.94000244140625,1594500
2024-03-15,80.7300033569336,81.94999694824219,80.12999725341797,80.73999786376953,80.73999786376953,1915500
2024-03-18,81.18000030517578,81.38999938964844,79.62000274658203,79.83000183105469,79.83000183105469,1208200
2024-03-19,78.88999938964844,81.27999877929688,78.88999938964844,80.8499984741211,80.8499984741211,1140700
2024-03-20,82.81999969482422,83.73999786376953,81.62999725341797,83.08000183105469,83.08000183105469,2050300
2024-03-21,83.9800033569336,87.02999877929688,83.8499984741211,86.44000244140625,86.44000244140625,2249700
2024-03-22,86.20999908447266,86.77999877929688,85.27999877929688,85.52999877929688,85.52999877929688,1328700
2024-03-25,85.91000366210938,86.9000015258789,85.2300033569336,85.77999877929688,85.77999877929688,1334500
2024-03-26,86.30000305175781,87.4000015258789,85.62999725341797,85.75,85.75,1640000
2024-03-27,86.01000213623047,87.20999908447266,85.70999908447266,86.9800033569336,86.9800033569336,1638000
2024-03-28,87.25,88.22000122070312,86.91999816894531,87.11000061035156,87.11000061035156,1937900
2024-04-01,86.33000183105469,86.61000061035156,85.08000183105469,85.94000244140625,85.94000244140625,2028900
2024-04-02,85.12999725341797,85.69999694824219,83.70999908447266,83.80999755859375,83.80999755859375,2115800
2024-04-03,83.68000030517578,84.19999694824219,82.73999786376953,83.62000274658203,83.62000274658203,2722500
2024-04-04,83.94000244140625,84.52999877929688,80.27999877929688,80.66999816894531,80.66999816894531,2161200
2024-04-05,80.5,81.86000061035156,80.02999877929688,81.48999786376953,81.48999786376953,1693800
2024-04-08,83.06999969482422,83.77999877929688,82.23999786376953,82.87000274658203,82.87000274658203,1758900
2024-04-09,83.05000305175781,84.0199966430664,82.80000305175781,83.38999938964844,83.38999938964844,1844400
2024-04-10,80.5199966430664,80.91999816894531,78.9000015258789,79.30000305175781,79.30000305175781,3605800
2024-04-11,73.37999725341797,74.45999908447266,68.5,71.9800033569336,71.9800033569336,14125500
2024-04-12,70.97000122070312,72.47000122070312,70.5,71.41000366210938,71.41000366210938,4230100
2024-04-15,71.05999755859375,71.93000030517578,69.0199966430664,69.45999908447266,69.45999908447266,3638000
2024-04-16,69.56999969482422,70.13999938964844,68.91999816894531,69.80000305175781,69.80000305175781,3049300
2024-04-17,69.98999786376953,70.25,68.51000213623047,68.52999877929688,68.52999877929688,2110200
2024-04-18,68.83000183105469,69.66999816894531,67.72000122070312,67.91000366210938,67.91000366210938,2508400
2024-04-19,68.0,68.75,67.87000274658203,68.33999633789062,68.33999633789062,1824400
2024-04-22,68.4000015258789,68.69000244140625,67.30999755859375,67.87999725341797,67.87999725341797,1884200
2024-04-23,68.19000244140625,70.0,68.0199966430664,69.69000244140625,69.69000244140625,1563100
2024-04-24,69.44000244140625,70.77999877929688,69.04000091552734,70.2699966430664,70.2699966430664,2882600
2024-04-25,69.04000091552734,69.55999755859375,67.6500015258789,69.22000122070312,69.22000122070312,2809800
2024-04-26,69.06999969482422,70.20999908447266,69.05000305175781,69.58999633789062,69.58999633789062,2625800
2024-04-29,70.0199966430664,70.6500015258789,69.18000030517578,69.3499984741211,69.3499984741211,1673600
2024-04-30,68.41999816894531,68.97000122070312,67.55999755859375,67.97000122070312,67.97000122070312,2072800
2024-05-01,67.9000015258789,69.19000244140625,67.0199966430664,67.20999908447266,67.20999908447266,1787400
2024-05-02,68.66999816894531,68.70999908447266,65.83000183105469,68.04000091552734,68.04000091552734,2950100
2024-05-03,69.43000030517578,70.33999633789062,68.6500015258789,68.70999908447266,68.70999908447266,1860200
2024-05-06,69.68000030517578,70.41000366210938,69.22000122070312,69.58999633789062,69.58999633789062,1794300
2024-05-07,69.95999908447266,70.91999816894531,69.22000122070312,69.2300033569336,69.2300033569336,1532900
2024-05-08,68.37999725341797,70.58000183105469,68.23999786376953,70.33999633789062,70.33999633789062,1674200
2024-05-09,70.5,71.58999633789062,70.43000030517578,71.04000091552734,71.04000091552734,1741500
2024-05-10,71.19000244140625,71.94000244140625,70.80999755859375,71.70999908447266,71.70999908447266,1404900
2024-05-13,72.41000366210938,76.79000091552734,72.23999786376953,74.9000015258789,74.9000015258789,3374700
2024-05-14,76.19999694824219,77.77999877929688,75.16000366210938,75.76000213623047,75.76000213623047,2178300
2024-05-15,76.62999725341797,76.6500015258789,74.16999816894531,74.3499984741211,74.3499984741211,1797600
2024-05-16,74.26000213623047,74.73999786376953,72.87999725341797,72.9800033569336,72.9800033569336,1568800
2024-05-17,72.4000015258789,73.18000030517578,71.80999755859375,72.81999969482422,72.81999969482422,1725700
2024-05-20,73.04000091552734,73.2699966430664,72.06999969482422,72.56999969482422,72.56999969482422,1170100
2024-05-21,72.55000305175781,72.83999633789062,71.4800033569336,71.97000122070312,71.97000122070312,1612100
2024-05-22,71.69999694824219,71.97000122070312,69.52999877929688,69.76000213623047,69.76000213623047,1733000
2024-05-23,69.87999725341797,69.94000244140625,68.43000030517578,68.93000030517578,68.93000030517578,1345600
2024-05-24,69.41999816894531,69.88999938964844,68.97000122070312,69.87999725341797,69.87999725341797,733800
2024-05-28,70.16999816894531,70.43000030517578,68.94000244140625,69.1500015258789,69.1500015258789,1271500
2024-05-29,67.91999816894531,68.5199966430664,66.87000274658203,67.43000030517578,67.43000030517578,1595200
2024-05-30,68.12000274658203,69.88999938964844,67.7699966430664,69.6500015258789,69.6500015258789,1568700
2024-05-31,70.05999755859375,70.83999633789062,69.30000305175781,70.26000213623047,70.26000213623047,2273300
2024-06-03,71.5,71.51000213623047,70.01000213623047,70.52999877929688,70.52999877929688,1551500
2024-06-04,69.94999694824219,71.13999938964844,69.6500015258789,70.9800033569336,70.9800033569336,1572300
2024-06-05,71.02999877929688,72.36000061035156,70.0999984741211,72.30000305175781,72.30000305175781,1345900
2024-06-06,70.5,71.75,69.88999938964844,70.06999969482422,70.06999969482422,1713600
2024-06-07,69.16000366210938,69.66000366210938,68.81999969482422,69.16999816894531,69.16999816894531,1766100
2024-06-10,69.02999877929688,69.37999725341797,68.36000061035156,68.47000122070312,68.47000122070312,1682500
2024-06-11,68.20999908447266,69.54000091552734,67.58999633789062,68.87999725341797,68.87999725341797,1675700
2024-06-12,70.77999877929688,73.0,70.08999633789062,70.0999984741211,70.0999984741211,2093200
2024-06-13,69.63999938964844,70.88999938964844,69.08000183105469,70.29000091552734,70.29000091552734,1348800
2024-06-14,69.36000061035156,69.94000244140625,68.01000213623047,69.91000366210938,69.91000366210938,2010900
2024-06-17,69.75,71.79000091552734,69.38999938964844,71.68000030517578,71.68000030517578,2075900
2024-06-18,71.25,72.04000091552734,70.30999755859375,71.5,71.5,2819900
2024-06-20,71.08999633789062,72.05000305175781,70.51000213623047,71.36000061035156,71.36000061035156,4955500
2024-06-21,73.73999786376953,74.8499984741211,70.66999816894531,71.62999725341797,71.62999725341797,5677800
2024-06-24,70.97000122070312,73.83000183105469,70.87999725341797,73.18000030517578,73.18000030517578,3581600
2024-06-25,73.0,73.6500015258789,71.23999786376953,71.7699966430664,71.7699966430664,2880600
2024-06-26,71.33000183105469,72.83000183105469,71.05000305175781,72.7300033569336,72.7300033569336,1936300
2024-06-27,73.01000213623047,73.48999786376953,72.19999694824219,73.33000183105469,73.33000183105469,1365400
2024-06-28,73.19000244140625,74.56999969482422,72.86000061035156,73.33999633789062,73.33999633789062,2223400
2024-07-01,73.1500015258789,73.95999908447266,71.18000030517578,71.20999908447266,71.20999908447266,1649300
2024-07-02,71.29000091552734,73.33000183105469,70.75,73.27999877929688,73.27999877929688,1900100
2024-07-03,73.69999694824219,74.61000061035156,72.80000305175781,72.87999725341797,72.87999725341797,1315100
2024-07-05,72.77999877929688,72.77999877929688,71.45999908447266,71.58000183105469,71.58000183105469,2293600
2024-07-08,72.19000244140625,73.33999633789062,72.12999725341797,73.0,73.0,1293600
2024-07-09,72.69999694824219,72.94999694824219,72.16000366210938,72.26000213623047,72.26000213623047,1280000
2024-07-10,73.0,77.3499984741211,72.7300033569336,76.93000030517578,76.93000030517578,4778500
2024-07-11,78.56999969482422,80.05999755859375,78.22000122070312,79.70999908447266,79.70999908447266,2759200
2024-07-12,78.5,81.69000244140625,77.69999694824219,80.93000030517578,80.93000030517578,2107600
2024-07-15,80.41000366210938,82.79000091552734,80.41000366210938,82.0,82.0,1567100
2024-07-16,82.72000122070312,84.2300033569336,82.08999633789062,84.0199966430664,84.0199966430664,1972000
2024-07-17,83.0199966430664,83.8499984741211,82.56999969482422,82.9000015258789,82.9000015258789,1446100
2024-07-18,82.58000183105469,84.26000213623047,81.48999786376953,81.81999969482422,81.81999969482422,1881500
2024-07-19,82.0199966430664,82.5199966430664,79.7300033569336,80.01000213623047,80.01000213623047,1459600
2024-07-22,80.5,80.88999938964844,78.94000244140625,80.79000091552734,80.79000091552734,1181700
2024-07-23,80.19999694824219,80.5999984741211,79.33000183105469,80.3499984741211,80.3499984741211,1117000
2024-07-24,80.0,82.08000183105469,79.86000061035156,79.9000015258789,79.9000015258789,1636300
2024-07-25,79.4800033569336,82.9000015258789,79.25,81.55000305175781,81.55000305175781,1247800
2024-07-26,82.61000061035156,83.62999725341797,82.12000274658203,83.0199966430664,83.0199966430664,1002700
2024-07-29,83.08000183105469,83.75,82.44999694824219,83.26000213623047,83.26000213623047,1022400
2024-07-30,83.55000305175781,84.48999786376953,82.66999816894531,84.31999969482422,84.31999969482422,1213400
2024-07-31,84.5,86.20999908447266,83.77999877929688,84.44000244140625,84.44000244140625,1478600
2024-08-01,85.0999984741211,85.7300033569336,80.19999694824219,81.5999984741211,81.5999984741211,2566900
2024-08-02,79.37000274658203,79.37000274658203,77.6500015258789,78.37999725341797,78.37999725341797,2140000
2024-08-05,74.80000305175781,76.80999755859375,73.27999877929688,74.69999694824219,74.69999694824219,2442300
2024-08-06,74.70999908447266,76.76000213623047,73.70999908447266,75.36000061035156,75.36000061035156,2220300
2024-08-07,76.66000366210938,77.0,73.62000274658203,73.7300033569336,73.7300033569336,2565400
2024-08-08,74.04000091552734,76.06999969482422,74.04000091552734,75.83000183105469,75.83000183105469,1162200
2024-08-09,75.81999969482422,75.83000183105469,74.38999938964844,75.69000244140625,75.69000244140625,1487300
2024-08-12,75.70999908447266,75.9800033569336,73.5,73.56999969482422,73.56999969482422,1118300
2024-08-13,73.9000015258789,77.01000213623047,73.58000183105469,76.81999969482422,76.81999969482422,1450700
2024-08-14,77.08999633789062,78.7300033569336,76.80000305175781,77.44999694824219,77.44999694824219,1414300
2024-08-15,79.3499984741211,80.5199966430664,78.61000061035156,79.83999633789062,79.83999633789062,1530400
2024-08-16,79.75,80.91000366210938,79.26000213623047,79.86000061035156,79.86000061035156,1114200
2024-08-19,80.0199966430664,81.19000244140625,79.37000274658203,80.30999755859375,80.30999755859375,1028800
2024-08-20,80.08999633789062,80.4800033569336,79.33999633789062,79.79000091552734,79.79000091552734,623200
2024-08-21,80.4800033569336,82.51000213623047,80.33000183105469,82.48999786376953,82.48999786376953,1257400
2024-08-22,82.30000305175781,82.5999984741211,81.66999816894531,82.12999725341797,82.12999725341797,653500
2024-08-23,83.05000305175781,85.94000244140625,82.37999725341797,85.77999877929688,85.77999877929688,1635200
2024-08-26,86.55000305175781,86.81999969482422,84.98999786376953,85.0199966430664,85.0199966430664,1524000
2024-08-27,84.54000091552734,84.81999969482422,83.27999877929688,84.41000366210938,84.41000366210938,1080500
2024-08-28,84.0199966430664,85.33000183105469,83.75,84.75,84.75,1053700
2024-08-29,85.47000122070312,85.88999938964844,83.97000122070312,85.30999755859375,85.30999755859375,1383300
2024-08-30,85.80999755859375,85.94000244140625,83.55999755859375,84.55000305175781,84.55000305175781,1163600
2024-09-03,83.52999877929688,84.22000122070312,82.43000030517578,83.02999877929688,83.02999877929688,1062000
2024-09-04,82.81999969482422,83.05000305175781,81.83000183105469,81.8499984741211,81.8499984741211,1544900
2024-09-05,82.3499984741211,82.5199966430664,80.58000183105469,80.91000366210938,80.91000366210938,1245600
2024-09-06,80.55000305175781,81.63999938964844,79.31999969482422,79.37999725341797,79.37999725341797,1047100
2024-09-09,79.68000030517578,81.55000305175781,79.68000030517578,80.62999725341797,80.62999725341797,1468900
2024-09-10,79.51000213623047,79.83000183105469,75.16000366210938,77.72000122070312,77.72000122070312,2987700
2024-09-11,76.88999938964844,76.88999938964844,73.83999633789062,75.19999694824219,75.19999694824219,1938600
2024-09-12,75.44000244140625,76.91000366210938,74.61000061035156,76.27999877929688,76.27999877929688,1232500
2024-09-13,77.16000366210938,78.94999694824219,77.16000366210938,78.77999877929688,78.77999877929688,1489400
2024-09-16,79.5999984741211,80.77999877929688,78.31999969482422,79.04000091552734,79.04000091552734,1271400
2024-09-17,79.7300033569336,80.5199966430664,78.91999816894531,79.38999938964844,79.38999938964844,1831600
2024-09-18,79.3499984741211,79.94000244140625,77.06999969482422,77.20999908447266,77.20999908447266,2652600
2024-09-19,79.4000015258789,79.44999694824219,77.0,77.38999938964844,77.38999938964844,2873500
2024-09-20,77.1500015258789,77.91000366210938,75.52999877929688,76.0999984741211,76.0999984741211,3706700
2024-09-23,76.41999816894531,77.18000030517578,75.83000183105469,76.44999694824219,76.44999694824219,1818100
2024-09-24,76.5,76.55000305175781,75.69000244140625,76.5,76.5,2471300
2024-09-25,76.41000366210938,76.41999816894531,74.36000061035156,74.48999786376953,74.48999786376953,3611900
2024-09-26,72.98999786376953,79.70999908447266,72.7300033569336,78.20999908447266,78.20999908447266,6531600
2024-09-27,78.87000274658203,79.16999816894531,76.29000091552734,77.31999969482422,77.31999969482422,2728200
2024-09-30,76.93000030517578,77.83000183105469,76.41000366210938,77.37999725341797,77.37999725341797,2010900
2024-10-01,76.81999969482422,78.61000061035156,75.83999633789062,78.16999816894531,78.16999816894531,2419700
2024-10-02,77.44999694824219,77.4800033569336,75.20999908447266,75.43000030517578,75.43000030517578,1681300
2024-10-03,74.86000061035156,74.86000061035156,73.69999694824219,74.19000244140625,74.19000244140625,1494800
2024-10-04,75.4000015258789,75.63999938964844,72.56999969482422,73.08999633789062,73.08999633789062,2158300
